30
0 360 6 26 7 3 5 25 10 21 8 28 
330 210 16 14 20 7 
120 630 21 22 
750 630 23 4 8 0 18 
210 600 3 18 
90 90 17 10 0 28 
30 60 0 28 
330 330 9 0 8 19 10 1 
480 360 3 7 20 0 
360 330 7 14 
270 270 19 5 12 0 17 7 24 13 
120 210 13 12 
90 150 11 10 17 13 
90 240 11 24 12 10 
390 330 9 1 
60 660 22 27 29 
420 330 1 20 
90 120 5 12 10 
210 630 4 3 26 
270 300 10 7 
450 330 16 8 1 
150 630 2 0 
90 630 15 2 
780 660 3 29 
120 240 13 10 
0 660 0 27 
180 630 0 18 
30 660 25 15 
0 0 6 5 0 
90 660 23 15 
