40
120 120 14 21 5 3 
510 150 9 28 
180 150 21 3 19 9 11 
0 150 8 2 13 20 17 7 29 0 24 
30 600 39 17 
60 60 24 14 0 
240 30 37 25 
1020 600 16 15 3 
30 450 3 17 
480 150 1 23 2 34 
210 600 36 12 22 38 29 30 31 
210 90 19 2 27 34 25 37 
300 480 10 13 
270 450 3 12 38 
60 90 0 5 
990 600 7 32 
570 150 7 28 
0 600 8 4 31 3 
360 90 35 33 
210 120 11 2 
30 90 3 24 
150 120 2 0 
180 600 10 39 
420 90 9 33 
0 0 5 20 3 
270 60 6 27 11 
930 600 32 36 
300 90 25 11 35 
540 150 16 1 
60 450 10 3 
30 480 10 31 
30 510 17 30 10 
960 600 26 15 
390 90 23 18 
240 120 9 11 
330 90 18 27 
300 600 10 26 
210 30 6 11 
240 450 10 13 
150 600 4 22 
