40
30 240 3 18 
1050 600 26 10 2 19 16 
600 570 24 36 3 1 22 23 8 19 25 28 31 
0 330 0 15 28 2 24 10 5 18 35 
300 270 14 39 29 32 18 24 11 
30 600 10 15 3 
720 300 9 7 13 31 30 36 
720 450 27 6 12 13 
120 510 23 2 25 
810 420 6 30 
60 600 5 1 3 
90 240 17 20 34 4 
750 420 7 13 
780 450 12 7 6 30 
150 180 4 38 
0 600 3 5 
960 570 19 26 1 
60 240 11 18 
30 30 17 0 4 3 
960 510 16 37 1 2 
90 180 11 38 
660 450 22 27 
630 450 21 2 
120 480 8 2 
360 330 2 32 3 4 
120 540 8 2 28 
990 570 1 16 
690 450 7 21 
90 570 3 25 2 
180 240 4 33 
840 450 9 13 6 
600 150 6 2 37 
30 300 24 4 
150 240 29 34 
120 240 11 33 
0 0 3 39 
900 480 2 6 
930 480 19 31 
120 180 14 20 
30 0 4 35 
