40
210 330 23 39 
900 750 17 27 
570 510 3 5 24 
540 480 2 35 31 11 
600 570 24 5 
690 600 4 18 2 24 31 
540 780 26 9 
360 330 32 35 
0 0 14 11 32 
510 780 6 34 
60 780 34 25 11 28 
0 330 36 8 16 10 3 
990 750 13 26 
960 750 12 27 
300 330 8 33 
750 600 18 37 
30 330 11 20 
900 630 1 30 26 
720 600 15 5 
90 330 20 22 
60 330 19 16 
810 600 37 29 
120 330 19 38 
180 330 0 38 
570 600 4 2 5 
30 750 10 28 
1050 780 6 12 17 
930 750 13 1 
30 780 25 36 10 
840 600 21 30 
870 600 17 29 
540 450 3 5 
330 330 7 8 
270 330 14 39 
90 780 10 9 
390 330 3 7 
0 780 11 28 
780 600 21 15 
150 330 23 22 
240 330 33 0 
