40
690 690 8 11 21 15 19 
120 750 2 6 26 31 9 29 27 
990 750 1 22 11 
750 630 24 39 
30 660 29 9 
480 270 7 13 17 
210 420 20 1 28 9 
480 360 5 30 
870 690 0 39 24 37 
0 210 4 20 6 1 29 
660 420 17 11 28 14 32 16 
690 450 10 2 0 15 27 19 
540 360 13 17 
510 360 12 5 
450 390 34 30 25 10 32 
720 660 11 35 24 0 
240 0 38 32 10 
570 360 10 12 5 
30 720 26 29 
900 720 21 22 0 11 
150 390 6 9 
690 720 19 0 
930 720 2 19 
360 360 25 34 
750 660 3 15 8 
360 300 23 33 14 32 
30 690 18 1 29 
240 720 11 31 1 
240 420 6 10 38 
0 750 4 18 9 1 26 
450 360 7 14 
210 690 27 1 
270 390 16 10 25 14 36 33 
300 240 25 36 32 
390 360 14 23 
750 600 15 37 
300 270 33 32 
780 600 35 8 
240 390 16 28 
780 630 8 3 
