40
30 510 18 5 7 29 
480 570 6 12 3 19 
0 60 5 6 17 
420 540 12 5 1 28 
330 510 14 27 15 
0 570 2 0 19 3 16 
510 570 1 37 2 
30 300 20 0 26 
210 30 13 24 34 
90 0 10 21 
90 30 9 38 35 
90 480 23 18 
420 510 3 1 
180 0 8 25 
360 510 4 28 
300 510 4 20 
30 270 5 36 
0 30 2 32 
60 480 0 11 
420 570 5 1 
240 510 7 15 29 
120 0 9 25 
840 570 31 39 
120 480 11 30 
240 30 8 33 
150 0 13 21 
180 480 7 30 
90 270 4 36 
390 510 14 3 
60 510 20 0 
150 480 23 26 
300 30 22 33 
30 30 17 38 
270 30 31 24 
180 30 8 35 
120 30 10 34 
60 270 27 16 
780 570 6 39 
60 30 10 32 
810 570 37 22 
