40
690 210 10 9 
510 180 11 24 
480 210 17 29 
780 420 26 21 
330 270 35 5 27 12 
780 270 13 4 31 
720 420 21 19 
90 150 20 23 12 
30 390 25 15 19 
720 240 0 13 17 
660 210 0 24 
540 180 1 37 
90 270 33 20 4 23 7 
750 240 5 9 
420 240 38 17 
30 270 8 33 
900 420 31 30 
450 240 2 14 9 24 
630 210 29 24 28 
60 420 6 8 39 
120 210 7 12 
750 420 6 3 
270 240 32 35 
180 240 7 12 34 
450 0 10 1 17 18 
0 420 8 39 
810 420 3 36 
360 240 4 38 
600 180 18 37 
510 210 18 2 
870 420 16 36 
930 420 16 5 
240 240 22 34 
60 270 12 15 
210 240 32 23 
300 240 4 22 
840 420 26 30 
570 180 11 28 
390 240 14 27 
30 420 25 19 
