40
0 330 1 29 3 7 23 11 
0 630 0 4 
60 510 13 17 5 
510 480 7 0 18 21 28 11 
30 630 1 5 
60 630 4 14 2 27 
720 390 22 13 24 8 
120 480 3 16 0 
660 390 38 22 6 
210 210 28 11 15 10 
150 150 15 9 20 11 
0 210 36 9 25 18 3 29 10 20 0 
600 480 35 19 39 
960 630 2 6 30 33 
90 600 5 17 
150 180 10 9 
90 480 7 23 
120 600 14 2 
90 330 3 25 11 
630 480 12 34 
0 0 10 32 11 
540 480 3 35 
660 360 6 8 
60 480 16 0 
600 270 39 6 38 
60 330 18 11 
720 480 33 31 
90 630 5 30 
240 210 9 3 
30 330 0 11 
930 630 13 27 
690 480 26 34 
90 120 20 37 
750 480 26 13 
660 480 19 31 
570 480 12 21 
30 120 11 37 
60 120 36 32 
630 390 8 24 
600 390 24 12 
