40
0 120 1 9 15 27 10 
0 930 0 8 2 25 35 
300 720 20 17 1 11 31 4 38 
90 660 21 8 5 
1050 930 12 29 14 6 2 27 26 17 
60 600 39 8 21 3 
480 600 28 13 4 
210 660 11 30 
30 690 1 3 34 5 31 
30 60 0 10 
0 0 9 15 0 
240 660 7 2 34 
210 90 4 23 
450 720 6 19 22 38 
570 720 4 37 
90 90 10 16 0 
120 90 15 36 
420 900 2 26 4 
150 660 30 39 
390 690 13 24 
330 720 2 22 
60 630 3 5 
360 720 20 24 13 
180 90 12 36 
360 690 22 19 
360 930 33 29 1 
450 900 17 4 
90 120 4 0 
480 720 6 32 
390 930 4 25 
180 660 18 7 
90 690 2 8 
510 720 28 37 
330 900 25 35 
30 450 8 11 
300 900 33 1 
150 90 23 16 
540 720 32 14 
300 570 2 13 
120 660 5 18 
