40
60 570 5 18 
630 570 11 17 19 4 
0 60 36 26 29 4 39 
150 30 32 8 34 
0 360 27 16 33 1 2 38 
90 570 0 31 33 19 
330 360 14 26 
870 570 28 11 
180 30 3 23 
30 30 29 34 
240 330 38 15 
840 570 1 7 
180 300 15 13 
180 330 12 15 35 
360 360 6 24 
210 330 12 10 13 
30 330 4 20 
420 360 1 24 
30 570 0 27 
150 570 1 31 5 
60 330 16 39 
60 0 34 22 
90 0 21 32 
210 30 8 25 
390 360 14 17 
240 30 23 37 
300 360 2 6 
0 570 4 18 
330 30 7 30 
0 30 9 2 
300 30 28 37 
120 540 5 19 
120 0 3 22 
90 480 4 5 
60 30 21 9 3 
150 330 13 36 
120 330 2 35 
270 30 30 25 
270 360 10 4 
90 330 20 2 
