40
240 660 10 23 15 19 21 2 
870 630 31 8 
630 330 32 18 7 23 0 
120 690 16 17 10 20 12 26 34 
570 300 14 36 11 13 32 33 
780 630 30 6 35 
810 630 5 31 
990 690 8 15 16 2 18 
900 630 7 1 37 
330 300 25 11 39 
0 420 0 34 3 
360 150 9 13 4 
30 660 26 3 34 
360 300 11 4 14 29 
450 270 4 22 13 
630 660 0 7 
150 690 3 7 
150 660 3 24 
660 630 2 7 28 
270 300 0 33 25 
30 600 3 26 
210 660 0 24 
420 240 14 29 
630 630 0 2 
180 660 17 21 
300 300 9 19 
30 630 12 20 3 
810 570 35 37 
690 630 18 38 
390 240 22 13 
750 630 5 38 
840 630 1 6 
600 300 2 4 
270 0 19 4 
0 690 10 12 3 
780 570 27 5 
360 120 4 39 
840 570 8 27 
720 630 30 28 
330 120 36 9 
