40
840 600 22 11 
480 570 32 4 13 7 
60 630 30 15 39 
930 630 31 24 
480 540 1 14 
240 210 10 12 20 
360 240 33 26 37 7 
720 600 38 13 1 28 36 6 
390 600 28 26 
120 630 16 15 30 
210 180 5 20 
870 600 0 31 
270 210 5 35 23 
510 570 7 1 
510 540 4 21 
0 30 19 18 9 2 34 
150 630 9 24 
570 540 21 25 
180 210 15 20 
0 630 15 39 
210 210 10 18 5 
540 540 17 14 
810 600 0 29 
300 210 12 33 
180 630 16 3 
600 540 17 38 
360 600 6 8 
30 0 34 35 
420 600 8 7 
780 600 22 36 
90 630 2 9 
900 600 3 11 
450 570 1 37 
330 210 6 23 
0 0 27 15 
60 0 12 27 
750 600 29 7 
420 570 32 6 
630 540 7 25 
30 630 19 2 
