40
450 240 31 21 7 37 
0 180 2 29 23 7 
0 240 1 13 21 4 7 
360 180 7 18 10 5 
480 720 28 6 2 35 13 
270 150 12 26 3 18 
390 660 4 8 
210 210 3 23 0 2 31 1 10 
360 660 6 14 16 
90 180 38 19 
240 30 26 3 31 7 
300 630 30 16 
300 150 5 18 
0 720 2 36 35 4 
210 510 8 15 16 
240 600 14 30 16 
210 660 11 27 8 15 14 
510 240 37 33 
270 90 12 3 5 
120 180 9 39 
150 660 27 32 
210 240 2 0 
90 660 32 24 
0 0 7 39 1 
60 660 22 36 
990 720 34 28 
240 150 10 5 
180 660 20 16 
960 720 4 25 
30 180 1 38 
270 600 11 15 
420 210 0 10 7 
120 660 22 20 
540 240 17 34 
1020 720 25 33 
30 690 13 4 
30 660 13 24 
480 240 17 0 
60 180 9 29 
150 180 23 19 
