40
420 420 16 3 5 7 19 33 37 2 
510 300 36 10 33 20 24 13 16 
390 480 23 6 7 37 8 21 19 4 0 39 34 
960 420 7 0 15 5 27 
210 420 8 2 29 
870 330 27 0 3 18 
90 180 17 2 32 
1020 480 3 2 0 
210 450 4 34 2 
810 300 18 20 14 25 10 31 12 
630 120 35 13 25 1 9 
0 480 19 26 30 
660 270 31 14 9 
540 30 10 22 1 
660 210 12 9 35 
900 390 3 27 
450 300 0 24 1 
90 270 6 38 
840 300 9 5 
0 0 11 0 2 
630 300 9 1 
180 300 28 2 34 32 
570 90 13 36 
240 390 2 29 
450 270 16 1 
660 180 10 9 
30 480 11 39 
870 390 5 15 3 
150 270 21 32 
210 390 23 4 
30 270 11 38 
690 270 12 9 
120 270 28 6 21 
420 210 1 0 
180 450 8 21 2 
630 180 10 14 
540 90 1 22 
420 450 2 0 
60 270 17 30 
180 480 26 2 
