40
360 150 15 18 5 9 2 3 1 19 
690 360 27 16 19 0 
180 60 11 6 0 9 34 
120 330 31 4 0 23 18 5 
90 330 3 14 16 
120 60 6 0 34 31 3 
150 60 5 2 
990 630 26 13 
240 630 22 10 26 
210 0 0 2 36 24 
90 630 37 8 28 39 
210 60 2 24 
90 510 28 21 22 
750 390 7 27 
0 240 4 20 16 
450 150 0 29 19 
0 390 20 1 4 14 33 27 
390 270 35 30 
360 180 0 30 23 3 
390 60 1 25 15 0 
30 300 16 14 
90 480 12 22 
210 600 8 21 12 28 39 
510 330 3 18 32 30 
240 60 11 36 9 
390 120 19 29 
960 630 7 8 
720 390 1 13 16 
90 540 12 10 22 
420 120 15 25 
360 300 18 17 23 32 35 
150 120 3 5 
450 300 23 30 35 
0 630 16 38 
120 0 5 2 
390 240 17 32 30 
210 30 24 9 
60 630 10 38 
30 630 37 33 
120 600 10 22 
