40
600 840 27 30 39 
810 900 35 21 11 3 2 34 27 32 
0 0 26 3 5 11 9 1 
0 900 32 4 2 9 1 
30 630 3 9 
510 600 9 2 16 7 10 26 
180 570 33 29 28 
90 300 22 10 15 5 16 29 31 13 36 
1020 870 14 35 
570 660 5 4 3 2 
90 570 24 7 5 37 
840 840 2 12 21 1 
870 870 11 19 25 18 
90 180 16 22 31 7 
990 870 8 25 
210 540 7 36 
210 300 13 5 7 
600 870 20 32 
870 780 19 25 12 
900 840 18 12 
690 870 17 30 27 39 
840 870 1 11 
150 270 7 13 
300 540 38 33 
120 570 10 28 
960 870 14 18 12 
30 600 2 37 5 
570 690 0 34 20 1 32 
150 570 24 6 
180 540 6 7 
630 840 20 0 
120 240 13 7 
570 870 3 17 27 1 
330 570 6 23 
720 870 27 1 
1050 900 1 8 
240 540 15 7 38 
60 570 26 10 
270 540 23 36 
630 810 0 20 
