50
270 60 40 14 
210 60 12 40 47 
90 0 48 13 
480 570 23 5 26 49 
840 570 45 23 
0 90 16 49 3 8 9 28 36 26 
960 570 37 22 
60 420 9 31 
0 60 5 47 11 
30 540 7 18 5 
1050 570 44 30 
0 30 8 24 
180 30 1 21 
120 0 2 21 
300 60 0 32 
450 60 39 17 
240 420 5 41 
480 60 15 46 
60 540 9 19 26 33 
90 510 18 33 
900 570 22 45 
150 30 12 13 34 
930 570 20 6 
810 570 3 4 
30 30 11 34 
360 60 32 42 
360 540 3 28 33 36 5 18 
180 420 43 41 
420 540 26 5 
540 60 46 38 
1020 570 10 37 
90 420 7 35 
330 60 25 14 
60 450 19 26 18 
60 30 24 21 48 
120 420 31 43 
390 510 5 26 
990 570 6 30 
570 60 29 44 
420 60 15 42 
240 60 0 1 
210 420 16 27 
390 60 39 25 
150 420 27 35 
1080 570 10 38 
870 570 4 20 
510 60 29 17 
30 60 8 1 
60 0 2 34 
0 570 5 3 
