50
420 630 16 7 9 14 27 45 
1020 720 43 13 39 12 4 
720 660 47 41 
1140 720 22 17 
900 600 33 23 12 39 25 1 
30 510 32 7 10 6 
60 450 49 10 32 5 
30 210 5 0 9 40 18 34 14 38 
1260 720 17 20 36 22 
330 540 19 7 0 34 
210 510 18 5 29 6 46 
780 750 37 12 48 
780 720 41 11 1 4 24 44 25 
1050 720 1 21 
570 750 48 0 24 28 26 7 38 27 
1260 750 20 37 
450 690 0 27 
1170 720 8 3 22 
270 510 10 34 7 
30 600 9 45 
1290 750 15 8 
1080 720 13 30 
1110 570 3 30 17 36 8 
900 690 4 43 
690 690 31 14 12 42 26 41 47 
810 510 44 33 4 12 
0 0 38 14 31 42 24 
30 720 16 28 0 14 
450 720 27 14 
120 420 10 35 
1110 720 22 21 
600 660 24 26 
60 480 5 6 
840 570 4 25 
300 510 18 9 7 
90 420 29 49 
1200 690 22 8 
810 750 11 15 
0 750 26 7 14 
930 660 1 4 
240 480 7 46 
750 690 12 2 24 
630 660 26 24 
930 690 1 23 
810 570 25 12 
360 600 19 0 
210 480 40 10 
690 660 2 24 
690 750 14 11 
60 420 6 35 
