50
1020 540 41 32 
570 600 35 7 8 9 21 48 
90 360 27 44 
60 570 26 45 22 
150 390 44 27 42 39 
30 420 21 27 
960 600 29 9 23 16 41 7 17 
1290 630 46 8 1 9 6 
150 630 7 1 21 26 
720 60 11 14 12 6 7 1 
1110 540 43 47 
660 0 9 33 
600 30 48 9 25 
270 330 15 19 35 20 
720 390 9 17 36 40 
300 390 13 20 
1200 600 23 6 46 
930 600 31 29 14 24 40 6 
240 390 38 19 39 
270 420 18 20 13 27 
360 420 15 19 13 
0 420 5 30 8 22 26 35 1 
30 630 45 30 26 21 3 
1170 570 16 47 6 
840 570 34 31 17 
600 0 12 33 
120 630 3 8 22 21 
60 420 2 5 4 19 44 
750 570 36 40 
930 570 6 17 
0 630 21 22 
840 540 17 24 
1050 540 0 43 
630 0 11 25 
810 540 24 37 40 
0 30 1 13 21 
720 600 28 14 40 
810 570 34 40 
210 390 18 49 
180 330 42 18 4 49 
780 600 37 28 17 14 36 34 
990 540 0 6 
150 300 39 4 
1080 540 10 32 
60 300 4 2 27 
60 600 22 3 
1230 600 7 16 
1140 540 23 10 
570 30 12 1 
180 390 38 39 
