50
1080 720 10 23 42 19 21 26 41 3 
240 330 31 8 
0 390 32 18 7 23 
330 330 16 47 20 12 26 7 39 0 
30 720 14 40 11 13 32 33 
150 330 30 6 35 18 
180 330 5 31 
300 360 8 16 2 18 3 45 
270 330 7 1 37 
270 720 25 11 36 
450 150 0 34 39 12 
210 660 9 13 4 
360 120 20 3 34 10 
60 510 11 4 29 43 
60 630 4 22 43 44 
330 0 45 42 
330 360 3 7 
390 270 24 41 
0 330 2 7 5 49 
330 720 0 33 25 
360 150 12 3 
480 270 0 48 
120 600 14 29 
300 390 0 2 
420 270 17 48 
300 720 9 19 
360 330 3 0 
180 270 35 37 
30 300 49 38 
90 570 22 13 44 
120 300 5 46 
210 330 1 6 
0 720 2 4 
30 420 19 4 
360 90 10 12 
150 270 27 5 
240 720 9 40 
210 270 8 27 
60 300 28 46 
330 30 10 3 
210 720 4 36 
390 300 17 0 47 
360 0 0 15 
150 630 14 13 
60 570 29 14 
300 0 15 7 
90 300 30 38 
360 300 3 41 
450 270 24 21 
0 300 28 18 
