50
960 480 15 23 
150 30 44 20 26 
120 450 17 48 
720 480 23 11 10 
270 450 10 17 45 
480 30 7 15 
90 480 48 30 13 
450 30 5 25 
360 30 32 37 
420 240 47 11 38 36 
300 480 4 49 43 30 3 
690 450 3 9 43 36 46 
360 420 16 49 
60 480 6 19 
210 30 26 34 
510 30 0 5 
390 420 12 36 
120 300 2 18 4 
150 450 17 35 33 
30 480 13 31 
0 30 31 1 42 
90 0 22 44 
60 0 21 40 
930 480 3 0 
300 30 41 32 
420 30 7 37 
180 30 14 1 
480 390 29 28 39 
450 450 46 29 27 38 
510 420 27 28 
120 480 6 10 
0 480 20 19 
330 30 8 24 
210 450 45 35 18 
240 30 14 41 
180 420 18 33 
390 180 16 9 11 
390 30 25 8 
420 420 9 28 
480 360 27 47 
30 0 22 42 
270 30 24 34 
0 0 40 20 
300 60 10 11 
120 0 1 21 
240 450 33 4 
510 450 28 11 
510 360 9 39 
90 450 6 2 
330 420 10 12 
