50
1080 540 4 27 10 1 32 3 30 37 42 
660 0 20 5 42 16 31 0 18 30 35 
330 330 29 12 48 36 41 9 38 
870 480 43 10 0 
1110 510 0 35 
780 540 30 1 18 40 
60 540 45 7 8 
60 510 6 13 8 
180 600 13 9 6 7 17 24 18 21 28 
210 540 38 8 15 17 18 36 34 2 11 39 
870 510 3 0 47 
330 240 18 15 39 9 49 
420 510 19 23 2 
60 480 8 7 
1290 570 22 26 
210 120 11 9 
930 420 1 27 
0 330 9 8 21 
660 570 11 5 9 20 8 1 
390 510 12 41 
1230 570 1 25 18 
0 600 17 24 8 45 
1320 570 14 33 
450 510 12 38 48 
30 570 21 8 
1260 480 20 26 33 
1260 570 25 14 
960 420 0 16 
660 600 8 44 
330 300 2 49 
810 540 5 47 1 0 
690 510 1 46 
900 450 0 43 
1350 570 22 44 25 
240 210 9 39 
1140 510 4 1 37 
330 510 9 2 
1170 540 0 35 
540 540 9 23 2 
240 180 11 34 9 
750 510 5 46 
360 510 19 2 
900 420 1 0 
870 450 3 32 
1380 600 33 28 
30 540 6 21 
720 510 31 40 
840 510 30 10 
450 480 2 23 
360 300 29 11 
