50
210 240 23 7 11 1 30 36 12 3 
90 1080 2 40 3 7 16 4 0 22 37 20 36 45 19 
150 210 1 4 
240 810 14 1 23 0 20 
120 180 2 36 1 
510 990 31 32 
720 810 33 27 28 
1050 1080 0 17 1 
630 990 47 11 
300 930 25 29 
630 900 27 18 
600 1050 8 0 18 35 40 42 27 
660 870 30 42 28 0 
210 30 49 21 
240 960 3 29 20 25 15 
270 870 20 25 14 
570 1020 1 31 
1290 1080 7 24 22 
630 930 10 11 27 47 
30 1080 37 39 1 
420 990 15 41 14 1 3 
240 60 13 46 26 
120 120 34 17 1 43 44 26 46 
210 780 0 3 
330 120 17 43 
270 930 9 15 14 
270 90 21 43 22 
990 1050 10 6 35 18 38 11 48 
690 870 12 38 33 6 48 
330 960 14 9 
630 840 12 0 
540 990 5 16 
480 990 5 41 
720 840 6 28 
0 0 22 45 
630 1020 27 11 
120 150 4 0 1 
30 1050 19 1 
720 870 28 27 
0 1080 19 45 
570 1050 1 11 
450 990 20 32 
630 870 12 11 
300 120 24 26 22 
150 30 22 49 
0 990 34 39 1 
150 60 21 22 
660 990 8 18 
690 750 27 28 
180 30 13 44 
