50
930 300 10 9 
870 330 11 24 41 
690 330 17 31 
570 390 28 21 
570 360 35 26 29 
690 390 13 39 47 
0 390 21 19 
270 270 48 23 12 
30 240 27 15 19 
990 330 0 17 45 43 
900 300 0 24 
840 330 1 37 
240 360 40 20 42 23 7 
1080 390 5 43 
660 330 46 17 
150 360 8 19 33 
630 390 47 28 
660 0 2 14 9 
750 330 31 30 
30 360 6 15 36 8 
270 330 12 48 
30 390 6 3 
510 360 32 23 35 42 
360 360 7 25 12 22 34 
870 300 10 1 
360 300 23 49 
600 360 4 44 
90 330 8 36 
600 390 3 16 
570 330 4 38 
780 330 18 37 
720 330 18 2 
450 330 22 34 
180 360 15 40 
420 330 32 49 23 
540 360 4 22 
60 330 27 19 
810 330 11 30 
600 330 29 46 
660 360 5 44 
210 360 12 33 
900 330 1 45 
240 90 12 22 
1020 330 13 9 
630 360 26 39 
960 330 9 41 
630 330 14 38 
660 390 16 5 
300 330 7 20 
390 300 34 25 
