50
0 30 7 3 27 
30 960 22 7 16 6 14 17 
390 840 34 15 16 25 
60 30 24 0 40 
840 930 31 26 
390 630 35 17 16 
60 630 17 19 1 
0 960 0 1 21 41 
210 30 10 49 
180 570 23 11 
180 30 8 43 
150 540 9 36 20 
240 600 42 23 20 
360 750 25 39 45 
930 960 38 28 31 1 
420 840 2 25 
690 930 30 1 18 25 5 2 45 39 34 
30 270 6 5 1 
420 900 16 34 
90 630 6 22 37 44 
120 600 36 12 44 11 
30 90 7 41 
360 660 1 44 19 
210 570 9 12 
30 0 3 27 
390 780 13 15 16 2 
810 930 4 48 
0 0 24 0 
60 90 14 41 
1200 960 46 38 
720 780 16 33 31 
870 930 4 14 30 
120 30 40 43 
720 930 30 47 
360 900 2 18 16 
390 660 5 39 
150 570 20 11 
300 630 19 42 44 
1170 960 14 29 
420 690 35 13 16 
90 30 32 3 
30 60 28 21 7 
270 600 12 37 
150 30 10 32 
90 390 22 20 37 19 
450 750 13 16 
270 30 29 49 
750 930 33 48 
780 930 47 26 
240 30 46 8 
