50
240 300 31 3 24 11 
660 210 48 27 7 20 
390 180 30 23 
930 330 35 29 11 0 25 
690 0 20 12 
180 210 6 10 22 47 
180 300 5 24 16 25 26 
690 210 1 21 
750 210 21 38 
600 180 34 48 
330 180 45 5 30 
240 240 3 31 0 
720 0 4 15 
240 150 28 19 
990 330 49 35 
750 0 12 18 
120 270 6 26 
1080 330 43 32 
780 0 15 43 
270 150 13 42 45 
660 0 4 1 
720 210 8 7 
180 150 5 28 
420 180 2 44 
210 300 6 0 
120 330 3 6 33 
0 120 16 40 6 33 
630 210 1 47 
210 150 13 22 42 
810 210 3 38 
360 180 2 10 
270 300 0 11 
1050 330 17 49 
90 330 25 26 46 
570 180 9 39 
960 330 3 14 
510 180 37 39 
480 180 36 44 
780 210 29 8 
540 180 34 36 
0 330 26 41 
30 330 40 46 
210 90 28 19 
1110 330 17 18 
450 180 37 23 
300 150 10 19 
60 330 41 33 
330 210 27 5 
630 180 1 9 
1020 330 14 32 
