50
30 570 11 5 3 37 44 
900 630 43 5 15 25 6 
840 600 7 19 43 46 45 
510 540 10 0 37 
210 360 26 32 18 14 10 22 
600 600 37 6 0 1 11 19 
0 990 49 5 11 1 
720 480 2 16 19 39 
240 420 40 10 18 
960 750 21 31 15 
480 510 3 8 24 14 32 4 18 
0 0 0 6 5 
1140 990 29 34 21 48 
1320 1080 35 30 
60 90 44 20 38 4 22 10 
1290 1020 31 1 9 35 47 29 
660 450 7 39 
990 840 34 21 
60 510 4 27 8 10 
630 480 5 45 7 2 39 
90 330 14 22 
960 780 9 17 29 34 12 47 
120 330 20 14 4 41 
1050 930 36 34 
270 330 10 38 
900 990 1 42 
180 330 4 41 
240 480 18 40 
960 1080 30 49 
960 1020 12 42 21 15 
1290 1080 28 13 
960 720 15 9 
240 360 4 10 
660 570 46 45 
1020 870 17 23 12 36 21 
1350 1080 13 15 
990 960 23 48 34 
540 570 5 3 0 
240 330 14 24 
630 390 16 19 7 
270 480 8 27 
150 330 26 22 
930 990 29 25 
870 600 1 2 
60 330 14 0 
630 600 19 33 2 
690 570 33 2 
1170 990 15 21 
1050 960 36 12 
0 1080 6 28 
