50
420 240 4 32 
210 360 22 3 15 38 21 24 28 30 33 42 39 
570 330 34 13 15 37 
390 150 32 1 45 39 34 
420 270 0 30 45 
60 360 10 11 47 6 
0 300 46 10 21 5 28 
690 390 14 16 
300 720 16 9 
270 720 8 12 16 
30 360 5 6 
60 330 5 31 
0 390 9 26 27 16 29 46 
600 360 2 42 35 
660 390 7 35 27 
390 330 1 2 
1050 750 8 7 49 9 12 
60 750 40 48 26 36 
330 120 43 39 
90 630 41 25 
210 720 25 26 
30 210 6 1 
120 330 1 31 
270 90 44 43 
240 120 1 44 43 
180 720 20 19 36 48 
240 750 20 12 17 49 
30 390 14 12 
0 150 6 1 
0 750 12 40 
390 270 4 1 
90 330 22 11 
450 240 3 0 
180 360 1 47 
510 270 2 3 
630 360 14 13 
60 660 17 25 41 
420 300 2 38 
390 300 1 37 
240 0 3 18 1 
30 750 17 29 
60 630 19 36 
390 360 13 1 
300 120 18 23 24 
240 90 23 24 
480 270 3 4 
0 360 6 12 
90 360 5 33 
90 720 17 25 
270 750 16 26 
