50
0 840 38 3 46 32 20 8 
90 750 49 3 33 11 31 
660 840 9 12 40 
30 420 8 0 11 1 19 
720 660 26 10 
1170 840 18 15 23 13 
90 360 42 37 
870 750 41 30 48 
600 840 3 40 20 46 0 
840 840 2 22 16 23 
750 690 4 24 12 
60 810 31 3 1 38 
810 750 24 2 41 10 
990 660 35 28 5 
210 690 43 45 
930 780 5 27 
870 810 9 23 
930 720 36 30 48 
1050 750 5 28 
150 720 3 21 39 43 47 
0 0 37 8 25 0 
150 750 34 19 49 
840 780 9 29 
900 840 5 16 9 
750 720 12 10 
660 660 20 26 
690 660 4 25 
900 780 15 29 
1020 750 18 13 
870 780 22 27 
960 750 17 35 7 
150 810 11 33 1 
30 360 0 42 
90 780 31 1 
330 750 21 44 47 
990 750 13 30 
900 720 17 48 
120 360 20 6 
30 810 0 11 
180 630 45 19 44 43 
630 840 8 2 
840 750 7 12 
60 360 6 32 
240 720 14 19 39 
270 720 34 39 
180 690 39 14 
30 390 0 8 
180 600 34 19 
870 660 36 7 17 
120 750 1 21 
