50
180 420 39 15 46 34 7 
1110 630 30 6 8 38 37 
630 390 5 3 10 44 
660 450 2 16 
570 450 35 11 
600 270 2 11 19 
1200 720 1 8 43 
210 330 15 23 18 0 31 
30 720 42 1 17 18 6 36 
1320 780 28 32 
840 600 20 2 16 14 27 29 
600 450 5 4 
1260 780 32 13 
1230 780 12 49 
690 570 29 20 10 
210 360 7 0 
660 480 3 10 29 44 
1110 690 8 38 
480 450 31 8 21 7 36 48 45 46 47 
930 600 22 24 37 5 
690 540 10 14 
90 90 25 18 33 
900 600 19 27 
240 330 7 31 
960 600 19 40 
60 60 21 36 
30 780 49 42 
870 600 22 10 
1260 720 9 43 
480 600 14 16 10 
1050 600 1 41 
210 270 18 23 7 
1290 780 12 9 
60 420 21 34 
120 420 33 39 0 48 
540 450 4 47 
30 0 25 8 18 
930 450 19 1 
1140 690 1 17 
150 390 0 34 
990 600 24 41 
1020 600 30 40 
0 780 8 26 
1230 720 28 6 
630 450 2 16 
210 390 18 46 
210 420 0 45 18 
510 450 35 18 
120 150 18 34 
1200 780 26 13 
