50
90 720 12 27 
0 450 40 47 5 41 28 
660 450 9 36 11 18 7 38 
420 300 11 25 
360 420 14 7 36 19 48 
1020 720 10 34 1 35 27 
690 420 24 9 
390 330 25 4 2 19 
180 420 29 17 18 32 
690 450 2 6 46 
210 690 5 16 
450 300 3 2 
60 720 0 26 
90 420 23 30 
450 420 4 44 
870 420 21 39 
180 690 10 45 
150 420 8 23 
210 0 2 8 
390 390 7 4 44 
270 420 33 31 
1170 720 15 35 
30 330 37 41 
120 420 13 17 
720 420 6 42 
390 300 7 3 
30 720 12 28 
120 720 0 5 45 
0 720 26 1 
210 420 8 31 
60 420 13 40 
240 420 29 20 
90 330 8 37 
300 420 20 48 
750 450 5 46 
1140 720 21 5 
360 180 2 4 
60 330 22 32 
630 450 2 47 
840 420 15 43 
30 420 1 30 
0 330 1 22 
750 420 24 49 
810 420 39 49 
420 390 14 19 
150 690 16 27 
720 450 34 9 
30 450 1 38 
330 420 33 4 
780 420 42 43 
