60
150 600 52 11 36 56 
90 1230 5 3 59 37 41 43 58 
0 210 33 12 10 42 35 9 
810 1200 55 1 26 
1410 1230 43 20 
60 1230 1 19 
630 1050 34 7 29 14 22 46 31 54 47 21 59 
390 870 40 14 6 
330 210 32 42 57 
0 60 27 33 35 24 2 
240 180 45 2 30 53 
120 690 37 13 0 48 17 
0 1230 2 19 49 
150 660 11 17 
390 900 7 21 6 
60 60 35 24 
750 1170 47 41 55 
180 690 13 11 52 56 
900 1200 44 25 
30 1230 5 12 
1440 1230 4 51 
390 1020 14 31 6 
270 720 36 6 50 
390 210 51 32 
0 0 15 27 9 
930 1200 18 28 
840 1200 3 44 
30 60 9 24 
960 1200 25 43 
660 1110 6 47 
180 150 10 35 
420 1020 21 34 46 6 
360 210 8 23 
30 120 2 9 
420 960 6 31 
150 150 15 30 9 53 2 
240 690 22 0 
90 690 11 1 
300 840 50 39 
330 840 38 40 
360 840 7 39 
120 1170 16 1 
240 210 2 8 
1020 1230 4 28 1 49 
870 1200 18 26 
270 180 10 57 
450 1020 31 6 
720 1140 16 29 6 58 
120 570 11 54 
30 240 43 12 
270 840 38 22 
420 210 23 20 
180 660 0 17 
150 90 35 10 
150 570 48 6 
780 1170 3 16 
210 690 0 17 
300 180 45 8 
120 1140 1 47 
120 1110 1 6 
