60
600 720 46 9 3 10 25 33 43 
510 480 40 52 44 22 39 35 3 45 13 59 
690 570 31 24 35 49 
0 1080 11 51 7 5 8 4 0 28 19 30 37 43 53 1 44 9 
0 30 34 6 3 11 39 
1440 1260 48 3 14 8 26 
30 150 4 11 47 18 
0 1260 3 16 41 
90 1260 14 3 5 41 36 
510 600 0 19 56 3 
810 1050 58 0 25 23 17 
120 180 3 38 4 6 
660 930 25 50 33 
540 420 35 40 1 
120 1230 8 5 
240 330 21 52 
30 1260 7 36 
840 990 23 58 10 
60 120 47 38 6 
510 630 9 30 3 
150 270 42 27 21 
210 330 15 27 20 
150 360 45 1 42 
900 1050 17 43 10 
660 570 2 32 
780 1050 12 10 0 33 55 
750 570 5 31 49 
180 330 21 20 
570 690 3 30 
1020 1080 56 48 
540 660 19 28 3 
720 570 2 26 
630 570 24 57 
630 960 50 54 46 12 25 55 0 
0 0 4 59 
600 480 13 2 1 
60 1260 16 8 
120 450 3 44 
90 150 11 18 
150 180 4 1 
540 450 1 13 
30 1200 8 7 
150 330 20 22 
960 1080 23 3 0 
120 420 1 37 3 
150 390 22 53 1 
600 930 0 33 
60 150 18 6 
1050 1080 5 29 
690 510 2 26 
660 960 33 12 
510 570 3 57 
270 330 1 15 
120 390 45 3 
660 1020 33 55 
600 1050 54 25 33 
990 1080 29 9 
600 570 51 32 
840 1020 10 17 
30 0 34 1 
