60
90 180 31 3 24 
930 270 9 27 7 49 
630 210 30 23 
60 270 50 52 11 0 25 
1050 270 57 12 
390 240 6 10 22 27 
360 240 5 24 56 25 26 
900 270 1 21 
840 270 21 38 
870 210 1 42 
570 210 47 5 30 22 55 28 
90 240 3 31 
1080 270 4 53 
450 150 28 19 
960 390 32 48 
1170 390 53 58 
150 90 26 56 
1050 390 18 59 
1080 390 17 45 
450 120 13 28 47 
990 270 49 57 
870 270 8 7 
390 30 5 28 10 
660 210 2 46 
150 240 6 0 
60 120 3 6 33 
120 0 16 51 6 
570 240 1 5 
420 180 13 22 19 55 10 
780 270 38 52 
600 210 2 10 
120 240 0 11 
990 390 14 59 
60 90 25 40 
810 210 39 42 
30 300 44 48 50 
750 210 37 39 
720 210 36 46 
810 270 29 8 
780 210 34 36 
90 90 33 51 
30 390 54 44 
840 210 9 34 
90 390 48 54 
0 390 35 41 
1110 390 18 58 
690 210 37 23 
480 150 10 19 
120 390 43 14 35 
960 270 20 1 
30 270 3 35 
120 90 26 40 
90 270 3 29 
1200 390 15 12 
60 390 41 43 
450 180 28 10 
180 90 6 16 
1020 270 4 20 
1140 390 45 15 
1020 390 32 17 
