60
810 480 31 18 
900 150 47 23 20 15 
690 420 42 33 
300 390 4 41 
270 390 3 55 
1050 420 23 46 
1290 480 21 24 
810 420 52 14 32 
90 480 18 25 50 49 58 
630 420 11 42 
420 360 54 35 
600 420 9 12 53 51 
540 390 11 57 
930 420 20 38 
810 390 7 32 
1200 450 37 28 23 20 1 
0 270 49 17 
150 420 16 34 43 50 
120 480 8 0 56 
210 420 34 51 
900 450 13 29 15 1 
1320 480 6 27 
1260 450 28 27 
1020 420 5 1 15 
1260 480 6 48 
30 450 8 58 
1200 480 48 44 
1290 450 21 22 
1230 450 22 15 
870 450 20 32 45 
390 390 36 40 54 
1140 480 0 44 
840 420 29 14 7 
720 420 2 59 
180 420 19 17 
450 360 10 40 
360 390 30 41 
1140 420 15 39 
960 420 13 47 
1110 420 37 46 
480 390 35 30 57 
330 390 36 3 
660 420 2 9 
150 0 17 53 
1170 480 31 26 
840 450 29 56 
1080 420 39 5 
990 420 1 38 
1230 480 26 24 
0 390 16 58 8 
120 420 17 8 
240 420 19 11 55 
780 420 7 59 
180 0 11 43 
390 360 10 30 
240 390 4 51 
810 450 18 45 
510 390 12 40 
0 480 49 25 8 
750 420 52 33 
