60
0 660 1 51 
30 630 0 29 2 11 16 
750 630 21 1 18 
210 480 35 30 47 
1080 660 28 44 
480 480 15 38 19 
240 390 22 24 
810 630 27 10 48 
1020 660 51 28 
1110 630 42 49 
780 480 7 37 21 20 17 
30 0 55 1 25 19 
1050 630 49 20 32 
120 480 25 57 
90 510 19 29 
450 450 5 58 31 52 
660 540 54 1 41 18 
780 360 32 40 10 
720 600 2 46 16 
510 510 14 5 11 
930 630 12 10 36 39 
780 630 2 10 
240 450 6 30 31 52 
1200 660 56 26 
270 390 6 59 
90 480 13 11 
1170 630 23 42 
840 600 7 36 
1050 660 4 8 
60 510 1 14 
210 450 22 3 
270 450 15 22 
900 480 17 12 
570 510 53 55 
840 480 40 37 
180 480 3 57 
870 600 27 20 
810 480 10 34 
450 480 5 47 
900 630 20 48 
870 480 34 17 
630 510 16 53 
1140 630 9 26 
1140 660 44 56 
1110 660 43 4 
330 390 59 50 
690 600 18 54 
240 480 38 3 
840 630 7 39 
1080 630 12 9 
360 390 45 58 
30 660 8 0 
270 420 15 22 
600 510 33 41 
660 600 16 46 
540 510 11 33 
1170 660 23 43 
150 480 35 13 
390 390 15 50 
300 390 45 24 
