60
1080 450 46 51 
510 390 44 3 
30 420 17 39 
540 390 1 24 
1170 420 43 32 57 
540 450 8 38 18 
60 390 52 17 
180 450 18 22 12 17 19 49 39 
840 450 5 41 27 
420 390 14 25 
270 420 12 11 
300 420 10 54 
240 240 10 22 7 14 
600 240 42 29 15 35 
420 420 9 30 12 53 
600 390 24 29 35 13 
990 360 36 45 
60 420 2 6 7 
240 450 7 5 
0 0 39 22 7 
1230 450 33 37 
360 420 54 30 
210 210 12 19 7 
1020 450 51 41 
570 390 15 3 
450 390 9 44 
870 360 48 55 
780 390 29 8 59 
1140 450 37 46 57 
750 390 27 13 15 
390 420 14 21 
480 420 53 38 
1200 420 4 40 
1260 450 20 40 
930 360 55 36 
690 360 15 13 56 
960 360 16 34 
1170 450 28 20 
510 420 5 31 
0 450 19 2 7 
1230 420 33 32 
990 450 8 23 
630 330 13 56 
1110 360 4 47 
480 390 1 25 
1020 360 16 58 
1110 450 0 28 
1080 360 43 58 
840 360 26 50 
120 390 7 52 
810 360 48 59 
1050 450 23 0 
90 390 6 49 
450 420 31 14 
330 420 21 11 
900 360 34 26 
660 330 42 35 
1140 420 28 4 
1050 360 47 45 
780 360 50 27 
