60
30 150 30 19 8 57 
510 510 24 54 21 30 16 49 8 58 
540 270 7 6 15 10 
900 570 52 4 45 11 8 
870 540 3 25 50 56 
120 270 57 17 8 31 
660 360 56 7 2 10 24 
540 240 2 6 
0 1020 31 11 41 16 21 5 0 18 49 39 48 45 3 50 1 
1350 1080 36 12 43 
540 330 15 6 24 2 
1140 810 26 8 3 42 
1380 1080 9 13 
1410 1080 12 51 
150 420 17 20 
570 330 10 2 
0 60 8 28 27 1 
120 420 14 5 
60 1080 33 8 40 43 
60 240 0 44 41 
180 420 14 23 
30 120 1 8 
1290 1050 32 36 
210 420 20 46 
540 360 1 10 6 
720 510 4 53 
1170 810 11 51 
0 0 28 16 54 
30 60 27 16 
1020 780 55 52 
330 450 0 1 
300 450 8 46 5 
1260 1050 22 37 
30 1080 18 39 
930 750 48 45 
660 510 47 53 
1320 1050 9 22 
1230 1050 32 40 
600 510 59 47 
0 1080 33 8 
1200 1050 37 18 
30 240 8 44 19 
1080 780 11 55 
1200 1080 9 18 
30 210 41 19 
900 750 3 34 8 
240 420 31 23 
630 510 35 38 
960 780 34 8 
300 480 8 1 
510 540 4 8 
1440 1080 26 13 
990 780 3 29 
690 510 25 35 
60 60 1 27 
1050 780 29 42 
690 360 6 4 
90 240 5 0 
540 510 1 59 
570 510 38 58 
