60
90 750 7 18 
480 750 40 30 
0 180 46 8 3 50 58 
330 60 33 2 16 28 19 53 
390 750 30 41 47 
150 780 14 7 
540 750 8 35 31 40 
120 780 0 5 46 
600 780 6 45 2 10 
60 30 27 24 25 
330 780 47 11 8 23 
300 780 10 38 
180 30 24 44 
210 780 32 14 
180 780 5 13 
240 30 44 21 42 
510 60 54 3 56 
960 750 19 34 
60 750 0 48 
1050 780 17 52 50 3 34 
150 0 59 57 
210 0 15 57 
360 0 53 39 
330 600 10 49 
90 30 12 9 
60 0 9 29 
450 30 28 54 
30 30 9 58 
420 30 26 39 3 
90 0 25 59 
420 750 4 1 
390 600 6 49 
240 780 13 38 
300 30 3 42 
960 780 17 45 19 
420 660 6 41 
660 60 43 55 
600 60 51 43 
270 780 32 11 
390 0 28 22 
510 750 1 6 
390 660 35 4 
270 30 33 15 
630 60 36 37 
210 30 15 12 
930 780 8 34 
0 780 2 48 7 
360 750 10 4 
30 750 46 18 
360 600 23 31 
330 90 19 2 
570 60 37 56 
1410 780 19 55 
330 0 22 3 
480 30 16 26 
690 60 52 36 
540 60 51 16 
180 0 21 20 
0 30 27 2 
120 0 20 29 
