60
0 1230 8 24 1 
630 1230 51 2 15 20 39 32 8 24 40 54 9 0 3 
0 690 49 40 1 35 54 24 
960 1230 52 13 9 22 6 1 
1500 1200 33 5 11 58 
1530 1230 4 42 
990 990 35 31 3 43 13 44 46 50 23 
780 1110 34 47 
30 1200 0 16 20 1 
660 930 3 15 21 19 39 1 
1050 990 44 23 
1320 1200 50 4 59 
180 1170 53 48 
1110 1200 3 46 6 
1410 1140 38 33 
690 1170 9 1 
300 1200 8 37 20 26 53 
1380 1170 18 58 38 
1350 1170 17 59 
870 1170 36 9 21 51 
30 810 1 8 25 16 27 30 55 28 26 
720 1170 9 19 34 36 
990 1170 3 57 
1020 930 10 50 6 
0 750 0 1 49 2 
330 1170 20 26 
390 1200 25 16 55 20 
60 1170 20 28 
90 1170 27 30 20 
240 1170 48 37 
120 1170 28 53 20 
1080 1170 6 41 
30 630 1 40 
1440 1140 4 14 38 
810 1140 7 21 47 36 
0 0 6 2 
750 1050 19 47 21 34 
270 1170 16 29 56 
1380 1080 14 17 33 
660 1140 1 9 
30 660 2 32 1 
1050 1170 31 57 
1500 1230 5 45 
1140 1170 6 46 
1020 990 10 6 
1470 1230 42 52 
1170 1200 13 43 6 
750 1110 36 7 34 
210 1170 29 12 
30 750 2 24 
1290 1200 11 23 6 
900 1200 1 19 
1110 1230 3 45 
150 1170 12 30 56 16 
30 690 1 2 
360 1170 26 20 
150 1050 53 37 
1020 1170 41 22 
1410 1170 17 4 
1320 1170 18 11 
