60
30 1080 9 21 36 57 
120 360 39 2 9 42 31 5 19 3 
810 1050 54 1 28 23 3 
120 1050 23 8 27 32 2 42 46 5 1 
1050 1050 36 17 47 
210 570 26 49 8 46 13 31 1 3 27 
1260 900 30 16 56 
1110 1050 47 14 29 
300 810 3 5 33 
60 240 0 1 40 
450 1020 52 28 12 53 
1530 1020 38 14 35 29 50 56 
360 990 28 15 10 52 
450 810 33 5 51 
1560 1050 11 7 18 
390 990 12 52 
1290 900 6 50 38 58 
1020 1080 18 22 4 55 36 
1590 1080 17 14 
300 570 31 39 1 
1320 840 58 38 
0 1080 0 36 
990 1050 17 25 
300 1020 3 24 2 28 
330 1020 23 53 28 
960 1050 22 43 
330 780 5 45 
270 780 3 49 5 
300 840 12 2 24 10 23 
1110 900 7 41 11 30 35 44 48 
1230 900 6 44 29 
240 570 19 5 1 
180 540 3 42 
330 810 13 8 
1170 990 35 41 
1200 1020 34 11 29 41 
0 0 4 21 0 17 
1140 840 48 44 
1350 870 11 20 16 
270 540 1 19 
870 1050 59 9 54 
1140 1020 29 34 35 
150 510 1 32 3 
930 1050 25 59 
1200 870 30 37 29 48 
360 780 26 51 
210 750 5 3 
1080 1050 7 4 
1110 780 37 29 44 
240 750 5 27 
1350 900 16 11 
390 780 45 13 
390 960 10 15 12 
360 1020 24 10 
840 1050 2 40 
90 1080 17 57 
1260 750 6 11 
60 1080 55 0 
1290 840 20 16 
900 1050 40 43 
