60
690 150 37 12 
1380 750 10 23 
1440 750 56 10 
1260 660 17 38 5 50 
180 750 44 19 18 
1140 540 9 50 3 
750 300 20 24 31 
480 120 22 26 28 
540 150 26 32 33 
1110 510 5 57 42 20 29 12 14 
1410 750 1 2 
330 120 15 27 
720 180 0 29 43 9 
60 750 19 40 18 53 49 
540 510 47 20 57 9 
300 120 11 51 
600 150 32 21 
1170 600 3 34 50 
150 720 49 4 19 13 58 
150 750 13 4 18 
720 240 6 29 14 9 31 
630 150 16 52 
450 90 7 28 
1350 750 1 30 
750 390 6 35 55 31 
1320 660 38 45 
510 120 8 7 48 
360 120 11 39 
450 120 22 41 7 
720 210 20 12 9 
1320 750 23 44 
900 450 35 6 55 46 20 47 24 
570 150 16 8 
240 690 36 8 45 54 
1170 630 17 50 
780 360 31 24 
210 690 33 58 
660 30 0 52 38 
1290 660 25 3 37 
390 120 27 41 48 
30 750 13 59 
420 120 28 39 
750 150 9 43 
720 150 42 12 
1290 750 4 30 
1350 690 25 33 56 
750 420 31 47 
750 450 14 46 31 
390 0 26 39 
0 570 18 59 53 13 
540 660 34 5 3 17 
270 120 15 54 
660 150 37 21 
90 690 13 49 
240 120 51 33 
780 390 31 24 
1380 690 2 45 
750 480 9 14 
180 690 36 18 
0 750 49 40 
