60
180 420 43 16 34 
960 1200 13 7 6 27 12 4 
1590 1200 37 28 24 
570 480 8 7 4 47 48 
1290 1200 46 13 3 38 7 1 
660 300 23 29 37 
0 690 58 9 7 1 16 49 50 12 
480 480 50 1 6 3 48 4 
510 420 3 52 
270 990 11 14 12 6 31 56 25 42 58 
90 390 45 21 
270 1110 9 35 
0 1200 27 9 42 1 6 
990 1170 1 15 4 
120 840 9 51 
990 1020 13 18 26 
30 240 22 20 0 40 41 44 6 43 
90 960 33 31 55 
1020 1080 15 26 
30 60 40 50 
60 210 16 44 
60 390 10 22 
30 420 16 21 45 
630 240 5 32 37 
630 450 47 32 2 
60 870 53 33 9 31 55 
1080 1110 18 36 15 38 
420 1170 12 1 
1560 1200 2 46 
660 420 5 54 37 
1110 1170 38 36 
60 960 17 9 25 58 
630 420 23 24 
90 930 17 25 
150 420 0 45 
300 1110 11 39 42 56 
1020 1170 26 30 
810 420 2 59 23 5 29 
1140 1170 30 4 26 
330 1110 35 42 
30 90 19 57 16 41 
180 240 44 16 57 40 
420 1140 39 12 35 9 
240 450 0 49 16 
60 180 41 20 16 
120 420 10 34 22 
1530 1200 4 28 
600 450 24 3 
480 450 7 3 52 
30 450 43 6 
0 0 7 19 6 
90 840 14 53 
480 420 8 48 
60 840 25 51 
690 390 29 59 
120 960 17 25 
300 1050 9 35 
60 150 40 41 
30 960 6 31 9 
720 390 37 54 
