60
270 120 24 19 14 
930 1320 41 59 21 13 18 9 4 32 16 
60 1380 55 17 13 
120 60 44 12 
540 960 27 32 1 28 13 
1110 1290 43 10 29 7 30 
0 1470 53 9 13 49 51 
1200 1440 30 15 5 
30 990 49 13 54 
1080 1470 36 6 30 1 45 18 
1230 1440 5 29 
210 1290 48 26 20 
60 0 3 40 14 
510 1440 52 28 1 17 8 6 2 49 20 4 55 
60 120 40 0 19 42 12 
1170 1410 7 43 
780 1290 32 41 1 
60 1350 2 13 20 31 57 
960 1440 21 1 45 9 
240 90 0 14 33 
330 1350 26 17 11 31 34 52 13 48 
930 1440 18 1 
180 60 33 44 
600 1230 37 38 
1620 1470 0 29 
0 120 42 53 
240 1290 20 11 
540 1080 4 46 28 47 
750 1290 13 27 50 4 
1320 1470 24 10 30 5 53 
1110 1470 7 9 29 5 
120 1320 39 20 17 56 
780 1230 16 4 1 
210 60 22 19 
180 1320 56 20 58 
570 1260 38 47 
990 1410 9 45 
630 1260 23 50 38 
600 1260 35 23 37 
90 1290 31 57 
90 60 14 12 
810 1290 1 16 
30 120 25 14 
1140 1410 5 15 
150 60 3 22 
990 1440 36 18 9 
570 1140 27 47 
540 1260 46 35 27 
180 1200 11 58 20 
30 960 8 6 13 
660 1260 37 28 
30 450 6 59 
330 1320 13 20 
0 150 6 25 29 
30 1410 8 55 
60 1410 2 54 13 
150 1320 34 31 
60 1290 39 17 
180 1290 48 34 
60 450 1 51 
