60
390 1200 43 2 27 
30 540 50 9 11 35 40 6 48 5 
360 1260 44 10 7 0 27 
630 1290 48 7 4 
270 1290 41 3 24 7 
30 480 6 50 1 
990 1440 5 46 39 38 40 1 
270 930 3 2 43 4 
150 1290 11 45 
30 1290 13 15 1 21 49 
330 1260 2 41 
180 1290 8 53 1 
360 300 29 22 18 19 37 23 
60 1290 9 26 
480 1230 47 34 
30 1380 9 32 
510 450 19 18 54 
180 120 51 23 
0 450 21 16 57 19 12 30 
480 420 16 31 18 12 55 
570 450 54 36 
0 1440 18 49 39 9 
360 390 12 31 55 
210 150 17 25 37 12 57 
240 1290 4 53 
240 270 23 29 
90 1290 13 45 
420 1230 0 2 47 
120 120 33 51 52 30 
270 270 12 25 
0 0 18 33 52 28 
390 360 19 22 
60 1380 15 58 
30 120 28 30 
510 1230 14 44 
690 1290 1 38 
600 450 20 59 
270 240 23 12 
720 1290 6 35 
150 1440 6 21 
720 1260 6 1 
300 1260 4 10 
1620 1440 59 56 
390 1080 0 7 
540 1260 2 34 
120 1290 26 8 
1560 1440 6 56 
450 1230 14 27 
660 1290 3 1 
150 1410 21 58 9 
60 540 1 5 
150 120 17 28 
60 90 30 28 
210 1290 11 24 
540 450 20 16 
390 390 22 19 
1590 1440 46 42 
30 270 18 23 
90 1380 49 32 
630 450 42 36 
