60
210 1230 30 1 5 55 27 45 6 
780 1230 31 0 14 6 
630 1170 53 22 44 58 
540 330 49 8 
60 1260 48 50 14 
390 1050 12 0 11 52 9 20 44 
210 660 40 27 31 37 1 0 
270 270 17 8 23 34 
510 330 3 16 19 7 23 21 26 24 
480 1170 20 5 29 12 
540 1170 22 20 58 52 
360 1020 5 46 55 
390 1170 5 32 9 29 
150 330 51 42 
810 1260 1 18 25 4 
900 1260 54 25 41 
180 0 24 8 51 
300 270 7 23 
810 1230 14 39 
300 180 8 59 
510 1170 9 10 5 
210 330 26 24 8 
570 1140 10 2 
270 210 17 59 8 7 
210 60 16 21 8 
840 1260 15 14 
240 300 21 34 8 
240 990 6 0 
150 1230 36 30 
420 1110 9 32 12 
180 1230 0 28 
720 1200 1 6 
420 1140 12 29 
0 1260 43 48 
240 270 26 7 
30 330 47 56 
120 1230 28 50 
300 990 46 40 6 
600 360 41 49 43 
840 1230 18 54 
270 990 6 37 
1500 1260 38 15 
120 330 13 57 
0 360 33 56 38 
390 930 5 2 
690 1200 0 53 
330 990 37 11 
60 330 35 57 
30 1260 4 33 
570 330 3 38 
90 1230 36 4 
180 330 13 16 
420 1050 5 10 
660 1170 2 45 
870 1230 15 39 
240 1020 0 11 
0 330 43 35 
90 330 47 42 
570 1170 10 2 
270 180 23 19 
