70
450 420 18 17 28 23 
1740 570 43 35 
1140 600 44 25 36 24 46 13 3 65 
270 660 59 25 52 2 13 
1170 180 60 10 16 36 
510 360 17 37 
150 660 22 27 56 
1620 570 8 53 
1590 570 7 10 65 36 
300 330 26 18 
1530 540 8 4 
30 630 21 14 
810 420 55 54 
1200 660 58 2 59 3 
0 660 11 15 21 
0 0 14 18 21 32 
1320 360 40 29 31 36 51 4 63 
480 390 5 0 23 30 
420 420 0 9 15 26 19 41 
300 390 69 26 18 
210 660 52 22 
60 660 11 67 15 14 
180 660 6 20 
450 150 62 28 17 0 30 42 
1800 600 35 2 58 
270 570 3 2 
300 360 9 19 18 
150 450 6 46 
720 420 23 34 0 
1440 510 51 16 66 
570 390 37 42 17 23 
1350 510 38 40 16 
180 420 15 41 
630 360 42 62 
750 420 28 55 
1770 570 24 1 43 
1170 570 2 39 16 8 4 
540 360 30 5 
1380 510 31 66 
1500 540 36 51 
1320 510 16 31 
210 420 32 18 64 
660 390 33 30 23 62 
1710 510 1 49 35 
960 420 2 47 
240 390 64 69 
180 450 27 2 
930 420 44 48 
900 420 47 57 
1710 570 43 50 
1680 570 49 53 
1470 510 29 39 16 
240 660 20 3 
1650 570 50 7 
840 420 12 57 
780 420 12 34 
120 660 6 67 
870 420 48 54 
1860 660 13 24 
1140 630 3 13 
1200 330 4 61 
1230 330 60 68 
600 360 23 33 42 
1290 330 16 68 
210 390 45 41 
1140 120 8 2 
1410 510 38 29 
90 660 21 56 
1260 330 61 63 
270 390 19 45 
