70
1620 1260 1 51 
930 1260 0 29 2 11 66 
0 330 21 1 63 
390 1230 35 30 47 
690 300 28 44 
720 1200 62 38 19 
480 1200 22 24 
150 300 27 10 60 
1680 1260 51 28 
450 300 42 49 
30 300 7 37 21 20 17 40 
240 1230 55 1 25 19 
360 300 69 20 32 
300 1230 25 57 
840 1230 64 29 
660 1200 58 61 52 62 
90 1260 54 41 66 68 
150 120 32 40 10 
30 1260 63 46 68 
240 660 5 11 64 
150 150 12 10 36 39 
0 300 2 10 
450 1200 6 67 31 52 
570 300 56 26 
510 1200 6 59 58 
270 1230 13 11 
540 300 23 65 
150 270 7 36 
720 300 4 8 
870 1230 1 14 
390 1200 3 67 
480 1080 22 61 
180 120 17 12 
180 1230 53 55 
90 90 40 37 
360 1230 3 57 
180 270 27 20 
60 90 10 34 
750 1200 5 47 
210 270 20 48 
30 0 34 17 10 
120 1230 16 53 
480 300 9 65 
630 300 44 56 
660 300 43 4 
540 1170 59 50 
30 1230 18 54 
780 1230 38 3 
240 270 39 60 
420 300 9 69 
570 1170 45 58 
1650 1260 8 0 
450 990 15 22 
150 1230 33 41 
60 1230 16 46 
210 1230 11 33 
600 300 23 43 
330 1230 35 13 
600 1200 15 50 24 
510 1170 45 24 
270 300 7 48 
510 1080 15 31 
690 1200 5 15 
0 1260 18 2 
810 1230 14 19 
510 300 42 26 
120 1260 1 16 
420 1200 22 30 
60 1260 18 16 
390 300 12 49 
