70
510 1470 43 2 67 
1980 1560 50 9 62 35 40 6 48 64 53 
300 1200 61 10 7 0 27 
660 1530 48 7 60 
240 1530 41 60 24 7 10 
1020 780 6 50 64 
990 570 5 46 39 38 40 1 
630 1500 3 2 43 4 10 
120 1560 11 63 
0 780 13 15 1 21 49 
240 1110 2 41 7 4 
150 1560 8 53 62 
210 210 29 22 18 19 37 23 
0 1560 9 26 
390 1470 47 34 
30 750 9 32 
720 540 19 18 54 
360 480 51 23 
180 540 21 16 65 19 12 30 
180 0 16 31 18 12 22 69 
780 540 54 36 
150 780 18 49 39 9 
300 210 12 55 19 68 
480 480 17 25 37 12 57 
210 1530 4 53 
390 450 23 29 
30 1560 13 45 
450 1470 67 2 47 
300 480 33 51 52 30 
360 450 12 25 
210 390 18 33 52 28 
240 180 19 68 
60 750 15 58 
210 480 28 30 
360 1470 14 44 
1080 720 1 38 
810 540 20 59 
390 420 23 12 
1050 720 6 35 
180 780 6 21 
1080 690 6 1 
270 1470 4 10 
870 540 59 56 
540 1470 0 7 
330 1470 34 61 
60 1560 26 63 
960 540 6 66 
420 1470 14 27 
690 1530 3 1 
0 630 21 58 9 
1050 750 1 5 
330 480 17 28 
240 450 30 28 
180 1560 11 24 1 
750 540 20 16 
330 210 22 69 
900 540 42 66 
510 480 23 65 
90 750 49 32 
840 540 42 36 
630 1530 4 3 
300 1470 2 44 
150 960 1 11 
90 1560 45 8 
1050 780 5 1 
540 510 18 57 
930 540 46 56 
480 1470 27 0 
270 180 31 22 
360 210 55 19 
