70
1110 750 53 4 19 57 3 22 
60 600 41 9 21 20 33 48 4 
60 270 15 28 4 36 41 46 56 
1170 810 19 5 8 18 0 47 
630 630 33 28 48 0 7 15 22 25 2 29 5 36 54 52 1 
0 810 17 25 3 8 13 4 61 42 32 62 11 
1200 780 47 55 49 
840 570 43 4 31 22 29 38 64 
1560 990 59 3 5 30 65 23 
120 420 26 1 58 12 63 
690 510 16 14 
0 1200 50 17 61 5 
240 540 27 26 9 20 
120 1200 66 5 32 
690 480 10 16 44 
60 90 2 60 4 
660 540 10 29 14 38 
60 1170 5 11 
1350 810 51 3 47 59 
1110 780 3 0 
120 540 45 27 1 12 58 
120 570 1 45 
960 600 24 4 7 53 0 
1560 1200 34 8 66 
930 570 22 67 64 
630 660 5 4 
150 480 9 12 
150 510 12 20 
90 150 4 2 
660 390 16 4 7 
1710 1170 8 69 
870 570 7 67 
90 1200 13 5 50 
90 330 4 63 1 
1590 1200 23 35 65 
1620 1170 34 37 
90 180 2 4 
1650 1170 35 69 
750 540 44 16 43 7 
660 750 68 57 
120 270 46 54 56 
30 570 1 2 
630 780 5 68 
750 510 7 38 
720 510 38 14 
150 570 20 21 
90 270 40 2 
1170 630 6 3 18 
120 600 4 1 
1260 780 55 51 6 
60 1200 11 32 
1290 780 18 49 
0 0 62 60 4 
960 630 0 22 
150 270 4 40 
1230 750 49 6 
90 240 2 40 
690 780 0 39 68 
120 480 9 20 
1380 810 8 18 
30 60 15 52 
30 1140 5 11 
0 60 52 5 
120 390 33 9 
840 480 24 7 
1770 1200 8 34 
150 1200 13 23 
900 570 24 31 
660 780 39 42 57 
1680 1170 37 30 
