70
630 240 61 60 41 43 
660 900 2 46 54 66 
1440 900 1 40 
0 270 42 23 25 
420 120 64 19 50 
360 90 34 9 64 
300 90 9 34 
150 600 63 12 66 30 
120 900 12 16 15 36 
270 0 6 68 5 
150 240 48 24 26 
210 540 51 20 
120 600 8 7 
390 900 14 32 55 
600 900 13 46 
90 900 8 38 21 
150 870 8 22 
750 240 62 23 
90 210 44 48 
270 240 37 4 35 43 68 
210 570 11 63 51 
30 900 52 15 42 
180 870 16 29 
780 270 17 3 49 
180 240 10 58 
0 240 3 26 
30 240 25 10 53 
240 870 57 29 
300 870 31 57 
210 870 22 27 
150 390 54 7 65 51 
330 870 28 55 
360 900 13 69 
300 900 69 36 
330 90 5 6 
420 240 19 67 
150 900 8 33 
240 240 19 58 
60 870 15 52 
840 270 49 40 
1470 900 2 39 
660 240 0 47 
0 900 3 21 
420 150 0 19 
60 210 18 53 59 
480 120 50 61 
630 900 14 1 
690 240 41 62 
120 210 10 18 59 
810 270 39 23 
450 120 45 4 
300 570 11 56 30 20 
30 870 21 38 
30 210 44 26 
330 570 30 1 
360 870 31 13 
240 510 51 65 
270 870 27 28 
210 240 37 24 
60 150 48 44 
600 240 0 67 
510 120 0 45 
720 240 17 47 
180 570 7 20 
390 90 4 5 
210 510 56 30 
180 600 7 1 
570 240 60 35 
270 90 9 19 
330 900 33 32 
