70
30 1170 1 47 16 14 2 44 18 4 
210 1170 0 46 
210 1080 38 0 63 61 
180 270 15 6 4 11 53 52 57 
1320 1200 29 5 3 19 45 68 18 11 58 0 63 67 
690 1020 4 7 35 50 40 8 
210 240 3 31 
510 900 12 5 8 59 
510 1020 50 12 7 5 
390 720 35 30 
120 480 32 14 
330 270 36 3 13 19 45 4 52 
540 960 7 8 
330 90 11 17 69 
60 420 10 18 0 60 
120 240 3 57 
210 510 0 55 
570 90 42 21 13 51 41 
30 300 14 4 0 56 68 
360 240 11 4 
450 0 51 42 
600 90 17 23 
1590 1200 24 29 
630 90 21 43 
1620 1200 22 62 
1710 1200 43 49 
330 1050 33 48 37 30 
420 810 28 35 
450 810 27 40 
1560 1200 4 22 
330 660 9 33 26 
240 240 6 52 
150 480 10 55 
360 720 26 30 
60 270 56 53 
420 750 9 27 5 
270 240 11 52 
300 1050 26 66 
210 1050 2 39 
240 1050 38 66 
480 840 28 59 5 
450 60 54 51 17 
480 0 17 20 
1740 1200 25 23 
60 480 0 60 
360 270 4 11 
240 1170 1 61 
0 1200 0 67 
360 1050 26 58 
1680 1200 25 62 
540 990 8 5 
450 30 20 41 17 
210 150 36 31 3 11 
90 270 34 3 57 
420 60 41 64 
180 480 32 16 
30 270 34 18 
90 180 15 53 3 
420 1050 48 4 
480 870 40 7 
90 480 44 14 
270 1170 46 2 
1650 1200 24 49 
300 1170 2 4 
390 60 54 65 
360 60 64 69 
270 1050 39 37 
30 1200 47 4 
60 300 4 18 
330 60 65 13 
