70
720 270 55 33 37 
960 450 24 5 2 35 22 66 
480 420 6 5 4 17 1 22 
1560 1080 14 13 7 45 
150 390 56 2 17 65 42 5 16 
120 1080 60 2 1 40 14 42 4 51 31 
510 420 2 53 32 27 69 
1830 1080 13 3 35 46 
1110 840 49 23 14 29 11 
390 360 17 21 30 57 
990 330 19 26 24 
1020 840 12 14 8 49 68 
1020 990 11 41 44 14 38 
1560 1050 7 3 
1500 1020 3 29 11 18 38 8 5 39 12 41 
780 360 37 64 
180 300 20 56 4 
450 390 9 2 4 47 
990 540 39 14 41 
1110 420 10 43 66 24 
240 360 16 52 30 63 47 65 
360 360 9 52 
510 0 1 25 27 2 69 
1230 840 8 29 59 
990 420 1 26 10 19 
630 180 22 34 
1020 390 24 10 
540 120 22 54 6 32 
1080 960 44 67 
1140 720 14 58 8 23 
270 300 20 9 
0 1080 42 5 61 
600 180 6 54 27 
870 390 0 37 53 48 
660 180 25 48 
990 450 1 7 
60 1050 61 60 
600 390 15 48 33 55 0 
1050 900 14 67 44 12 
960 480 18 51 14 
1500 1080 5 45 
990 990 12 18 14 
0 240 31 4 5 
1140 420 19 46 
1110 990 28 12 38 
1530 1080 40 3 
1170 420 43 7 
240 180 17 20 
690 210 37 34 33 
1080 810 8 50 11 
1050 780 49 68 
960 990 39 5 
270 360 20 21 
900 420 6 33 
540 150 27 32 
720 330 0 64 37 
180 330 4 16 
300 270 9 63 
1140 810 29 62 
1200 810 23 62 
90 1050 5 36 
30 1050 36 31 
1170 810 58 59 
270 270 20 57 
750 330 55 15 
180 360 4 20 
960 270 19 1 
1050 960 38 28 
1020 780 50 11 
510 90 22 6 
