70
630 420 14 63 
1170 450 13 41 64 30 50 55 
810 390 37 47 64 
690 450 63 31 11 
1290 570 9 17 
60 450 6 15 16 27 39 
30 450 5 36 
720 390 11 65 
60 570 57 45 
1320 570 4 33 
480 420 24 15 35 
720 450 7 3 69 40 
180 330 59 58 
870 180 1 19 38 
600 420 0 23 
90 420 5 10 
90 450 5 43 
1260 570 4 44 
120 570 54 36 57 
990 330 13 29 22 
390 390 27 39 68 
120 360 32 34 25 
900 330 38 19 60 29 
570 420 14 61 
450 390 10 28 39 
300 360 51 49 21 
0 570 45 36 
90 390 20 5 
420 390 24 39 
900 240 19 60 22 
900 420 1 48 
660 450 3 42 
120 330 21 58 
1350 570 9 62 
90 360 21 39 
510 420 10 61 
30 480 6 26 18 
780 390 2 65 
870 390 22 47 53 13 
60 0 28 34 24 5 20 
750 450 11 41 
1140 450 1 40 
630 450 31 43 
600 450 42 16 
1230 570 17 54 
30 570 26 8 
930 390 55 53 
840 390 38 2 
870 420 30 56 
270 330 25 66 
1200 450 1 62 
330 360 25 68 
780 420 67 69 
900 390 38 46 
1200 570 18 44 
960 390 46 1 
840 420 48 67 
90 570 8 18 
150 330 32 12 
210 330 12 66 
930 300 29 22 
540 420 23 35 
1230 450 33 50 
660 420 3 0 
810 90 1 2 
750 390 37 7 
240 330 59 49 
810 420 52 56 
360 360 51 20 
750 420 11 52 
