70
0 1230 53 5 2 4 22 58 9 6 50 11 19 
930 1110 66 2 7 3 24 30 36 39 38 48 68 
30 210 8 1 0 14 5 19 28 55 30 
420 690 69 12 1 64 
1470 1230 34 0 9 54 
0 0 11 0 23 2 57 8 
1770 1440 40 16 0 54 
390 1080 18 1 24 13 
180 210 2 15 57 23 5 
1440 1200 4 22 0 
1320 1080 22 11 45 
1140 1140 5 59 67 10 37 45 0 
540 840 3 42 
270 960 55 29 18 36 61 7 
150 1110 28 2 44 19 
90 150 8 27 23 
1530 1230 6 34 
60 1380 33 21 
360 1080 7 41 13 
60 1110 63 2 53 0 14 
390 1020 24 68 35 
30 1440 17 47 33 58 
1410 1170 10 9 0 62 
60 180 5 27 15 8 
390 1050 20 7 1 
510 930 38 49 66 
1170 1020 37 59 
90 180 15 23 
180 1110 14 30 2 
300 630 13 31 
210 1110 28 1 2 
330 630 29 46 
300 1050 43 41 
30 1350 17 60 21 
1500 1230 4 16 
390 840 20 69 
270 480 1 13 65 51 
1170 990 26 52 11 59 
510 990 25 48 1 
480 870 56 1 48 64 
1740 1440 6 47 
330 1080 18 32 43 
510 840 12 56 
300 1080 32 61 41 
120 1080 14 63 
1170 930 10 11 52 
360 630 31 51 
60 1440 40 21 
480 990 38 39 1 
540 990 25 66 
60 1320 0 60 
390 630 46 65 36 
1170 960 37 45 
30 1080 0 19 
1470 1140 4 6 
240 930 13 2 
480 840 39 42 
90 120 8 5 
0 1440 0 21 
1230 1050 11 26 37 
30 1320 33 50 
240 1080 43 13 
1350 1140 22 67 
90 1080 19 44 
450 840 39 3 
360 600 51 36 
570 990 1 49 25 
1320 1140 11 62 
420 1020 20 1 
420 840 3 35 
