70
90 690 31 3 24 
570 360 9 27 49 64 
270 330 30 23 
1170 690 50 52 11 0 63 5 
660 0 59 12 
0 360 6 22 27 58 3 
0 690 5 24 16 61 26 69 
630 360 64 62 
750 360 21 38 
540 330 1 42 
210 330 47 58 30 22 55 
150 660 3 31 
690 0 4 53 
60 270 28 19 
1380 690 32 48 
750 0 53 45 
60 630 6 26 
1440 690 66 32 
1500 690 57 66 
60 240 13 28 47 
600 0 49 59 
720 360 8 65 
30 180 5 28 10 
300 330 2 60 
60 690 6 0 
180 630 67 56 33 
30 570 16 51 61 6 
30 360 1 5 
30 330 13 22 19 68 55 
810 360 38 52 
240 330 2 10 
120 660 0 11 
1410 690 14 17 
150 630 25 40 
480 330 39 42 
1230 690 44 48 50 
420 330 37 39 
390 330 36 46 
780 360 29 8 
450 330 34 36 
120 630 33 51 
1260 660 54 44 
510 330 9 34 
1320 660 48 54 
1230 660 35 41 
780 0 15 57 
360 330 37 60 
90 270 10 19 
1350 690 43 14 35 
570 0 20 1 
1200 690 3 35 
90 630 26 40 
840 360 3 29 
720 0 15 12 
1290 660 41 43 
90 330 10 68 28 
60 510 25 69 
810 0 18 45 
0 120 10 5 
630 0 4 20 
330 330 46 23 
30 600 26 6 
660 360 7 65 
240 630 3 67 
600 360 7 1 
690 360 21 62 
1470 690 17 18 
210 630 25 63 
60 300 28 55 
30 510 56 6 
