70
1590 540 53 2 17 24 19 5 52 26 
750 510 44 43 41 66 
1380 510 0 64 
1110 570 54 32 18 43 66 49 51 13 4 
930 510 37 54 3 
1260 210 60 21 26 0 
210 240 30 7 29 23 36 59 
570 600 8 6 27 25 14 28 50 
600 600 7 10 
1230 600 21 16 22 33 67 
1170 600 8 67 
0 120 25 23 
30 330 28 14 
570 510 42 49 27 18 3 63 
30 360 12 7 40 56 50 
30 120 23 31 
1230 150 22 9 53 
1380 360 0 48 
660 120 45 3 13 65 
1320 420 47 24 0 60 
240 210 29 42 
1260 570 9 5 53 
1710 600 16 51 9 
0 30 15 11 6 
1320 390 19 0 
0 240 11 50 7 
1320 360 5 48 0 
570 570 7 13 
60 330 12 7 
210 210 20 6 
120 210 6 59 
60 120 15 36 
1140 570 3 61 
1200 570 9 61 
1350 540 64 52 47 
90 570 68 55 
90 150 31 6 59 
900 510 4 57 
840 510 39 57 
810 510 38 41 
30 570 55 14 46 50 
780 510 39 1 
270 210 13 20 
750 240 1 3 
720 510 1 69 
630 90 18 63 
60 450 56 40 58 
1290 540 19 34 
1350 360 17 26 
600 570 13 3 
0 600 25 40 7 14 
1110 0 22 3 
1380 540 34 0 
1620 570 0 16 21 
930 480 3 4 
60 570 40 35 
60 420 46 14 
870 510 37 38 
180 570 46 62 
30 240 30 36 6 
1290 390 5 19 
1170 570 32 33 
150 570 58 68 
600 90 45 13 
1350 510 34 2 
660 510 18 69 
780 300 3 1 
1200 600 10 9 
120 570 35 62 
690 510 44 65 
