70
240 960 5 12 55 
480 720 16 4 8 9 22 56 58 
1740 1410 27 12 53 26 69 
390 210 20 44 31 45 
1200 1020 12 7 1 9 20 13 35 32 
270 960 0 14 31 
90 1500 65 17 66 
870 720 4 10 9 25 67 46 
540 810 1 33 
570 720 21 4 7 22 1 25 
780 660 7 34 
1800 1470 53 15 63 
210 1020 4 43 2 0 55 26 
480 930 58 4 40 35 
300 960 5 31 
180 1470 42 18 69 26 11 47 39 53 
510 690 1 22 
0 1410 62 6 52 
150 1500 63 15 52 65 
1230 1020 55 68 
450 270 3 32 4 31 
600 690 9 25 
480 630 16 9 1 
360 1260 28 26 
1290 1020 68 64 
600 450 21 46 7 9 
210 1080 23 15 43 39 28 12 2 
1350 1020 2 64 
480 1380 23 57 26 54 39 
510 900 48 56 51 58 
660 690 41 46 49 67 
270 210 14 37 20 3 45 5 
330 990 20 35 4 
510 810 8 51 
750 660 10 49 
480 990 32 40 4 13 
30 1500 66 62 
300 180 31 45 
300 1260 60 50 
240 1380 47 26 59 15 50 28 60 54 
510 990 35 13 
690 660 30 61 
0 1290 15 52 
240 1080 12 26 
330 180 3 45 
270 90 37 44 31 3 
630 690 25 30 7 
210 1350 39 15 
540 870 29 51 
660 570 34 30 61 
330 1290 38 39 57 
510 840 48 33 29 
0 1350 42 17 18 
1770 1440 11 2 15 
330 1320 28 59 39 
210 0 19 0 12 
630 900 1 29 
360 1290 28 50 
480 900 13 29 1 
330 1350 39 54 
270 1260 38 39 
720 660 41 49 
0 1500 17 36 
1830 1500 18 11 
1320 1020 27 24 
120 1500 6 18 
60 1500 36 6 
690 690 7 30 
1260 1020 24 19 
240 1410 15 2 
