70
450 810 40 47 
300 960 36 4 27 29 30 13 15 
540 240 68 19 
240 960 38 5 8 16 22 36 56 
600 870 15 1 13 
210 1080 49 3 24 20 54 7 
60 960 48 20 
30 1080 24 48 57 5 60 
270 270 46 3 63 25 62 58 66 
330 120 44 34 25 66 
300 1080 22 23 
600 240 19 37 
480 240 25 68 
630 900 4 16 1 45 35 53 61 27 
720 270 51 55 62 64 
300 570 4 43 31 1 
270 360 69 3 13 42 
780 270 64 32 21 
750 870 39 61 35 33 
570 240 11 2 
0 870 6 5 57 38 
930 330 50 28 17 32 63 
330 1080 10 56 3 
270 1080 10 49 
60 990 7 5 
450 240 12 59 8 9 55 
1740 1080 65 56 
690 960 1 45 13 
960 330 21 65 
540 840 1 52 
330 810 1 31 
360 810 15 30 
780 240 17 41 21 
690 870 53 39 18 
360 210 9 59 
780 900 18 13 69 
270 960 1 3 
630 240 11 51 
0 720 3 20 
690 840 18 33 
480 810 0 52 
780 210 32 50 
270 330 16 46 
390 690 15 67 52 
330 210 9 58 
630 930 27 13 
300 330 8 42 
420 810 0 67 
30 960 6 7 
240 1080 5 23 
810 210 21 41 
660 240 14 37 
510 810 40 29 43 
660 870 33 13 
90 1050 5 60 
450 0 25 14 
360 1080 22 26 3 
0 1080 20 7 
300 210 44 8 
390 210 25 34 
60 1050 54 7 
660 780 18 13 
450 270 8 14 
330 330 8 21 
750 270 17 14 
990 330 26 28 
270 60 9 8 
390 810 43 47 
510 240 2 12 
810 900 16 35 
