70
540 510 7 18 
180 510 40 30 
720 600 46 8 3 50 58 11 
1080 300 33 2 16 28 19 53 
240 540 30 41 47 
510 540 14 7 
150 570 8 35 31 40 
540 540 0 5 46 
120 600 6 61 2 10 
780 270 27 24 25 
120 0 47 11 8 23 
390 270 10 38 2 
900 270 24 44 
480 570 68 14 46 
480 540 5 13 
960 270 44 21 67 
1680 720 54 3 56 
30 720 64 60 
570 510 0 48 
1200 720 52 50 3 34 63 
870 240 59 57 
930 240 15 57 
1140 270 66 39 
300 540 10 49 
810 270 12 9 
780 240 9 29 
1230 300 28 54 
750 270 9 58 
1200 300 26 39 3 
810 240 25 59 
210 510 4 1 
360 570 6 49 
420 570 38 68 
1050 270 3 42 
30 630 60 45 19 
180 540 6 41 
1530 720 43 62 
1590 720 51 43 
390 570 32 11 
1170 270 28 22 
150 510 1 6 
210 540 35 4 
1020 270 33 67 
1560 720 36 37 
930 270 15 12 
30 600 34 65 
660 570 2 48 7 13 
270 540 10 4 
600 510 46 18 
330 540 23 31 
1080 600 19 2 
1620 720 37 56 
1230 720 19 55 
1080 270 3 66 
1260 300 16 26 
1440 720 52 69 
1650 720 51 16 
900 240 21 20 
720 270 27 2 
840 240 20 29 
0 720 34 17 
90 600 8 65 
1500 720 36 69 
1170 720 19 64 
1140 720 17 63 
60 600 61 45 
1110 270 22 53 
990 270 42 15 
450 570 13 32 
1470 720 55 62 
