80
0 450 76 24 13 35 4 9 55 70 
570 1200 20 77 
660 240 16 61 
990 240 32 10 42 57 15 
1050 270 42 71 24 0 
1980 1200 24 30 13 
60 240 12 52 
840 240 8 18 
810 240 7 36 
210 1200 14 60 0 65 78 
870 120 43 15 3 
270 210 44 63 66 73 
30 240 6 70 
750 1200 5 0 37 79 
240 1200 9 67 21 
900 210 10 32 3 
630 240 2 33 17 48 
210 240 28 16 74 
870 240 7 57 43 
300 0 73 58 
600 1200 1 26 78 
480 1200 49 22 14 
450 1170 21 47 
360 210 62 27 
1170 390 5 4 0 
1080 360 55 71 
660 1200 20 56 
330 210 23 63 
180 240 17 50 
60 1200 38 34 31 
1200 450 5 35 
150 1200 65 69 29 
930 210 3 15 
420 30 16 45 
30 1200 29 76 
1170 450 30 0 
780 240 8 46 
270 750 13 60 
60 1170 29 39 
90 1170 38 69 
480 210 48 53 
300 1170 68 67 
1020 240 4 3 
870 210 10 18 
240 210 11 74 
390 30 33 59 66 
750 240 36 75 
420 1170 22 51 
510 210 40 16 
510 1200 21 77 
150 240 28 54 
390 1170 47 64 
90 240 6 54 
450 210 40 72 
120 240 50 52 
1050 360 25 0 
690 1200 26 79 
900 240 18 3 
330 0 19 59 
360 0 45 58 
240 750 9 37 
690 240 2 75 
390 210 23 72 
300 210 11 27 
360 1170 51 68 
180 1200 31 9 
300 30 45 11 
270 1170 14 41 
330 1170 41 64 
120 1170 39 31 
0 240 12 0 
1110 360 4 25 
420 210 62 53 
270 0 19 11 
210 210 44 17 
720 240 46 61 
0 1200 0 34 
540 1200 49 1 
240 840 20 9 
720 1200 56 13 
