80
960 630 1 57 
840 780 0 47 70 21 13 6 19 28 16 24 4 
1620 810 71 49 68 
150 990 22 26 6 36 
180 510 20 72 47 1 
1620 990 64 22 11 
0 840 36 34 63 1 8 17 51 3 55 61 78 
900 600 57 16 70 
30 600 60 17 6 
1950 990 12 66 
210 360 30 65 
1590 960 41 12 22 13 45 5 63 71 
1800 840 9 44 11 59 
1320 690 29 1 19 40 41 11 54 
1140 630 76 29 
1080 660 52 62 38 73 54 
840 480 7 19 1 
30 720 8 6 67 
420 390 37 27 
1020 660 16 1 13 52 
180 480 4 27 37 50 58 
1320 780 1 45 
1590 990 3 5 11 
1890 990 66 33 
90 30 74 30 1 37 50 58 78 79 
270 360 65 43 
90 960 3 46 
450 420 20 18 
240 750 1 51 55 60 
1170 660 13 14 38 
180 360 10 24 
1680 810 49 32 
1710 810 31 44 
1860 990 23 64 
150 750 6 53 
1170 570 54 77 
0 990 6 75 3 
390 390 18 56 20 24 
1110 660 15 29 76 
330 360 43 56 
1170 600 13 48 
1350 750 11 13 
90 720 67 53 
300 360 39 25 
1740 810 12 32 
1350 780 21 11 
60 960 26 75 
210 510 1 4 
1140 600 40 73 
1650 810 31 2 
480 450 24 20 
30 570 6 28 
1050 660 15 19 
120 720 34 42 
1080 450 35 13 15 
30 540 6 28 
360 360 37 39 
930 600 7 0 
510 480 24 20 
1650 690 12 68 
180 750 8 28 
0 0 6 69 
1110 570 15 77 
840 810 6 11 
1830 990 5 33 
240 360 25 10 
1920 990 23 9 
60 720 42 17 
1620 690 59 2 
30 0 61 74 
870 600 1 7 
1590 810 2 11 
150 510 4 79 
1110 600 48 15 
60 0 24 69 
30 960 36 46 
1110 630 14 38 
1140 570 62 35 
30 510 24 6 
120 510 72 24 
