80
240 510 57 59 
1710 870 2 15 38 52 
1740 870 1 67 
0 0 35 40 26 
1020 630 77 15 54 7 18 42 34 68 
960 180 62 18 15 68 
120 510 60 43 
960 600 54 15 4 
1440 630 38 62 74 
60 630 43 35 14 
1800 870 63 67 
450 630 17 21 
660 810 66 14 58 
870 840 47 26 
630 660 30 12 39 20 26 9 66 58 
930 870 7 32 4 5 1 74 47 23 25 52 
0 1260 41 78 
480 630 11 56 
1050 450 5 33 34 4 
120 1260 76 51 
720 780 58 30 14 
420 630 11 27 
1050 780 25 29 
0 870 40 41 15 
570 630 39 61 
1020 810 22 52 53 15 29 
840 840 13 14 3 66 
390 630 21 37 59 57 73 
180 510 71 60 
1050 720 22 36 53 25 
690 780 14 20 
1110 450 33 45 
1170 840 15 53 
1080 450 31 18 
1350 600 79 18 48 42 45 4 
30 600 3 9 
1080 780 29 53 
300 600 27 73 
1470 630 8 1 
600 630 24 14 
0 600 23 3 
0 900 16 23 46 
1050 510 48 34 55 4 
90 510 9 6 
60 1260 78 76 
1140 450 31 49 34 
2220 1260 65 41 69 63 
900 840 13 15 
1050 480 42 34 
1140 420 45 79 
270 1230 64 65 
150 1260 19 69 72 
1020 660 25 1 15 
1140 810 32 36 25 29 
960 570 7 4 
1080 570 42 77 
510 630 17 61 
270 540 0 73 27 
750 810 20 12 14 
210 450 0 27 71 75 
150 510 6 28 75 
540 630 56 24 
1410 630 5 8 
1830 870 10 46 
240 1230 50 70 
300 1230 46 50 
60 840 12 26 14 
1770 870 2 10 
1380 630 5 4 
180 1260 46 51 
210 1230 64 72 
210 510 28 59 
180 1230 70 51 
90 630 57 37 27 
930 120 15 8 
150 390 59 60 
90 1260 19 44 
1050 570 4 55 
30 1260 44 16 
1170 420 34 49 
