80
600 630 17 20 28 21 37 49 51 11 75 
1830 1380 60 24 
1470 960 14 5 41 
1770 1380 24 47 
750 990 22 31 
1470 1200 72 14 36 2 17 
150 510 59 42 20 
750 840 30 44 
1770 1230 29 50 54 64 
690 1080 44 61 58 18 
0 0 13 23 17 
120 210 42 20 37 39 0 79 
1140 1020 71 35 16 15 
60 510 10 79 56 70 51 
1500 1020 2 5 
1110 1110 45 16 32 23 19 27 22 12 65 18 57 61 
1200 1110 15 25 12 
0 1200 0 33 70 5 19 10 34 67 77 
690 720 23 30 15 9 
1290 1140 35 15 17 63 
330 540 21 0 11 40 42 6 
30 600 20 28 0 
750 1020 4 27 15 76 
660 660 18 10 77 15 
1800 1380 3 1 
1170 1080 16 71 
810 990 31 74 
750 1050 22 58 15 
360 600 21 0 
1560 1020 8 41 
780 840 7 18 
780 990 26 4 
840 1020 15 43 
0 1380 17 47 50 
1380 1170 73 17 46 
1260 1110 19 12 57 
1500 1200 5 48 
360 540 0 11 
240 510 40 78 
390 540 11 75 
270 510 38 20 
1530 1020 29 2 
150 360 11 6 20 
810 1020 32 76 
720 840 9 7 
900 990 15 55 
1410 1170 34 72 
30 1380 33 3 
1530 1200 36 52 
150 180 0 51 
30 1230 8 33 
120 180 49 0 56 13 
1560 1200 48 53 
1590 1200 52 62 
1920 1380 8 66 
870 990 45 74 
90 150 13 51 
1110 960 35 15 
720 1050 27 9 
180 510 6 78 
1860 1380 1 66 
720 1080 9 15 
1620 1200 53 69 
1320 1140 19 73 
1710 1200 8 68 
1080 1110 15 67 
1890 1380 60 54 
600 1110 65 17 
1680 1200 64 69 
1650 1200 62 68 
30 510 17 13 
1140 1080 12 25 
1440 1170 5 46 
1350 1140 34 63 
840 990 55 26 
420 540 39 0 
780 1020 43 22 
600 1080 23 17 
210 510 59 38 
120 510 13 11 
