80
1230 360 75 18 19 34 38 
600 540 77 7 6 15 
510 510 51 30 41 70 
1830 630 49 21 
870 210 74 8 
1710 630 35 72 
150 630 79 1 9 46 39 66 61 55 
660 600 1 15 63 
840 30 4 54 27 14 68 78 
240 510 39 30 6 70 
1560 600 31 26 25 52 37 19 71 
390 450 50 33 42 
780 600 13 14 
750 600 12 24 
810 600 12 34 23 26 27 8 47 65 74 78 
630 630 76 7 1 79 
1680 540 28 25 
1650 630 72 76 
1260 570 0 58 19 
1440 570 43 31 0 37 45 10 18 
330 450 60 48 42 
1800 630 3 57 
1830 600 73 49 
1080 300 14 54 62 
720 600 13 63 
1740 570 16 10 44 67 29 
1140 600 10 14 
1140 330 8 14 36 
1650 540 16 69 53 
1770 600 67 73 25 
270 510 9 2 33 50 51 
1440 510 10 19 
30 630 56 59 
300 360 48 11 30 51 
1140 570 14 0 
1740 630 5 57 
1170 330 27 75 
1470 570 10 19 
1230 300 0 52 
0 270 9 59 46 6 
990 270 62 54 
540 510 2 77 
360 450 11 60 20 
1350 510 19 45 
1680 510 25 53 
1350 540 43 64 19 
180 480 39 6 
960 270 14 65 
300 450 33 20 
1860 630 3 22 
420 480 11 30 
270 300 2 33 30 
1260 300 10 38 
1650 510 28 44 
990 210 8 40 23 
90 630 61 56 6 
60 630 32 55 66 
1770 630 35 21 
1290 540 18 64 
0 630 39 32 
330 420 20 42 
90 600 55 6 
1020 270 40 23 
690 600 24 7 
1320 540 45 58 
930 240 47 68 14 
60 540 6 56 
1740 600 29 25 
900 210 8 65 
1620 540 28 71 
240 240 2 9 
1590 540 69 10 
1680 630 17 5 
1800 600 22 29 
840 210 4 14 
1200 330 0 36 
660 630 15 17 
570 510 1 41 
810 0 8 14 
600 630 6 15 
