80
720 240 61 60 41 43 
780 1230 69 46 66 72 
1710 1230 40 69 
0 270 42 23 25 
510 120 64 19 50 
450 90 34 9 64 6 
360 0 76 34 5 
180 1230 63 12 66 30 
120 1230 12 16 15 36 
360 90 68 5 76 
180 240 78 26 71 
240 1170 51 20 
150 1230 8 7 
390 900 14 55 73 
420 900 13 46 
90 1230 8 38 21 
120 870 8 22 
840 240 62 23 
90 210 44 48 
330 240 37 4 35 43 68 
240 1200 11 63 51 
30 1230 52 15 42 
150 870 16 29 
1830 1230 17 3 49 
240 240 71 58 
0 240 3 26 
30 240 25 10 53 
210 870 57 29 
270 870 74 57 
180 870 22 27 
180 930 54 7 51 56 77 
330 870 55 74 
330 900 73 70 
270 900 70 36 
390 60 5 6 
510 240 19 67 
150 900 8 33 
300 240 19 58 
60 1200 15 52 
1770 1230 49 40 
1740 1230 2 39 
750 240 0 47 
0 1230 3 21 
510 150 0 19 
60 210 18 53 59 
570 120 50 61 
450 900 14 1 
780 240 41 62 
120 210 18 59 78 
1800 1230 39 23 
540 120 45 4 
270 1200 11 75 30 20 
30 1200 21 38 
30 210 44 26 
450 1200 30 72 
360 870 31 13 
330 1200 79 30 75 
240 870 27 28 
270 240 37 24 
60 150 48 44 
690 240 0 67 
600 120 0 45 
810 240 17 47 
210 1200 7 20 
480 90 4 5 
390 1200 77 79 
210 1230 7 1 
660 240 60 35 
330 90 9 19 
1680 1230 1 2 
300 900 33 32 
210 240 24 10 
480 1200 54 1 
360 900 32 13 
300 870 28 31 
300 1200 51 56 
360 60 6 9 
420 1200 65 30 
150 210 10 48 
360 1200 56 65 
