80
1980 1470 1 77 
1140 1470 0 29 2 11 66 
0 330 21 1 10 78 
420 1410 35 30 47 
660 300 28 44 
930 1410 62 38 19 
570 1290 74 24 
120 300 27 10 60 
720 300 67 28 
420 300 42 75 
0 300 7 37 21 20 17 40 2 
270 1470 55 1 25 19 
330 300 49 20 32 
330 1410 71 57 
1020 1440 64 29 
870 1380 58 61 52 62 79 
120 1470 54 41 18 66 
120 120 32 10 76 
60 1470 63 46 16 
960 1440 5 11 64 
120 150 12 10 36 39 60 
30 330 2 10 
510 1380 69 31 73 74 79 
540 300 56 26 
600 1290 6 59 
270 1410 11 71 
510 300 23 65 
120 270 7 36 
690 300 4 8 
1050 1440 1 14 
420 1380 3 72 
540 1320 22 61 
150 120 17 12 
210 1470 53 55 
60 90 40 37 
390 1410 3 57 
150 270 27 20 
30 90 10 34 
900 1410 5 47 
180 270 20 48 
0 0 34 76 10 
150 1470 16 53 
450 300 9 65 
600 300 44 56 
630 300 43 4 
660 1290 59 50 
60 1440 18 54 
450 1410 38 3 
210 270 39 60 
360 300 12 75 
690 1290 45 68 
780 300 77 67 
840 1380 15 70 
180 1470 33 41 
90 1440 16 46 
240 1470 11 33 
570 300 23 43 
360 1410 35 13 
750 1290 15 68 
630 1290 45 24 
240 300 7 48 20 
570 1320 15 31 
900 1380 5 15 
30 1470 18 78 
990 1440 14 19 
480 300 42 26 
150 510 1 16 
750 300 8 51 
720 1290 58 50 
480 1380 22 72 
810 1380 52 73 
300 1410 13 25 
450 1380 69 30 
540 1380 70 22 
540 1290 6 22 
390 300 49 9 
90 90 40 17 
810 300 51 0 
0 1470 63 2 
510 1020 22 15 
