80
630 300 7 18 
210 330 40 30 
810 420 46 8 3 50 58 11 67 
1290 390 33 2 16 28 19 53 
270 360 30 41 47 
600 330 14 7 
180 390 8 35 31 40 
630 330 0 5 75 
150 420 6 61 2 10 
900 360 27 24 25 
150 90 71 11 8 23 
450 390 10 38 2 
930 330 24 44 
540 360 68 46 79 
570 330 5 79 
990 330 44 21 67 
1530 120 54 3 56 
1380 600 70 72 
660 300 0 48 
1500 600 73 50 3 34 63 
1080 330 59 57 
1020 330 15 57 
1350 60 66 39 
360 360 10 49 
900 330 12 9 
1170 360 9 29 
1470 90 28 54 
870 360 9 58 
1440 90 26 76 3 
1140 330 25 59 
240 330 4 1 
420 390 6 49 
480 360 38 68 
1260 360 3 78 
30 450 60 19 74 
210 360 6 41 
1890 600 43 62 
1950 600 51 43 
450 360 32 11 
1380 60 22 76 
180 330 1 6 
240 360 35 4 
1200 360 67 78 
1920 600 36 37 
960 330 15 12 
60 360 77 65 61 
750 360 2 48 13 75 
300 360 4 71 
690 300 46 18 
390 360 23 31 
1290 420 19 2 
1980 600 37 56 
1770 600 55 73 
1290 60 3 66 
1500 90 16 26 
1800 600 52 69 
2010 600 51 16 
1050 330 21 20 
840 360 27 2 
1110 330 20 29 
0 600 34 72 
120 420 8 65 45 
1860 600 36 69 
1470 600 19 64 
1440 600 63 70 
90 420 61 45 
1320 60 22 53 
840 0 42 15 2 
510 360 13 32 
1830 600 55 62 
1410 600 17 64 
330 360 10 47 
30 600 60 17 
1740 600 19 52 
30 420 34 77 
660 330 7 46 
1410 60 28 39 
60 420 45 74 
1230 360 33 42 
540 330 14 13 
