80
1770 1680 32 3 69 
1200 1680 22 45 6 17 12 32 
30 1740 7 9 8 47 
750 660 44 0 6 33 54 56 67 70 74 79 
510 480 50 51 5 
510 600 37 14 44 50 4 
780 1680 3 1 55 77 
0 1800 2 25 
1830 1710 69 9 2 
1860 1740 8 2 71 
360 540 23 49 
1890 1800 71 20 
1230 1320 27 1 34 78 
1470 1590 42 24 
120 630 30 5 48 74 57 
900 1650 35 68 46 
180 570 57 65 29 23 58 
1230 1650 1 34 42 59 66 
270 510 58 26 
450 570 49 37 57 65 
1860 1800 11 25 
990 1620 28 40 
1170 1650 1 39 62 73 76 
330 540 10 26 16 
1440 1590 13 43 27 61 
30 1800 7 20 
300 510 23 18 
1230 1380 12 61 66 24 
960 1620 21 46 
240 510 16 38 58 
90 1680 14 41 36 54 79 
570 570 51 44 
1650 1680 0 63 33 60 1 
1260 1290 3 32 
1530 1650 17 12 
870 1650 15 64 
120 90 30 67 
480 570 5 19 
210 480 29 58 
1080 1620 22 52 
1020 1620 21 72 
60 1680 30 47 
1500 1620 13 17 
1380 1560 24 61 
630 600 3 31 5 51 
1200 1290 1 56 
930 1650 28 15 52 73 
30 1680 41 2 
150 570 14 57 
390 540 19 10 
540 570 4 5 
570 540 31 4 44 
930 1470 39 72 46 
1290 1560 59 75 
90 0 3 30 
810 1650 6 64 
1230 1290 45 3 
120 240 16 48 19 14 
210 450 18 38 16 29 
1320 1590 53 17 
1680 1650 32 70 
1350 1590 27 43 24 
930 1440 22 68 
1590 1650 32 78 
840 1650 35 55 
330 570 16 19 
1230 1560 27 75 17 
150 90 36 3 
900 1440 15 62 
1800 1680 8 0 
1710 1650 60 3 
1920 1800 11 9 
1050 1620 52 40 
960 1650 46 22 
510 630 14 3 
1260 1560 66 53 
840 1320 22 77 
810 1320 6 76 
1560 1650 63 12 
120 1680 30 3 
