80
450 1350 17 3 25 
210 1500 56 34 
300 300 59 3 22 71 
1470 1470 7 2 28 0 24 4 57 
330 1170 67 71 38 28 3 5 78 
510 1170 14 38 4 76 
1830 1440 29 26 
1500 1470 3 53 
1560 1440 20 72 
810 1170 18 75 62 
990 1170 79 21 23 74 
1620 1440 16 20 
900 1140 39 79 
390 1080 65 69 
450 1110 5 69 60 
360 1110 78 60 65 
1650 1440 11 66 
450 1380 0 24 
780 1170 9 61 
690 1170 43 23 42 
1590 1440 8 11 
1020 1170 10 58 
0 0 2 41 56 
690 870 19 10 
480 1410 17 37 3 
420 1320 0 33 
1800 1440 6 40 
90 1470 44 70 68 
450 1320 3 4 
1860 1470 6 48 63 72 
30 1500 41 36 64 
1740 1440 40 77 
1080 1170 58 45 
390 1320 25 49 
240 1500 1 55 
300 1500 55 50 
30 1470 30 68 
480 1470 24 57 
360 1140 4 5 
870 1140 12 47 
1770 1440 31 26 
0 1500 30 22 
720 1170 19 61 
660 1170 19 51 
60 1470 27 68 
1110 1170 32 59 
600 1170 54 51 
840 1140 39 62 
1890 1440 29 50 
360 1320 33 67 
1950 1500 48 35 63 
630 1170 43 46 
930 1170 74 73 
1530 1470 7 72 
570 1170 46 76 
270 1500 35 34 
180 1500 1 64 22 
510 1470 37 3 
1050 1170 32 21 
1140 1170 2 45 
390 1110 14 15 
750 1170 18 42 
810 1140 47 9 
1890 1470 50 29 
150 1500 56 70 30 
360 1080 13 15 
1680 1440 16 77 
330 1320 4 49 
30 1410 44 36 27 
420 1080 14 13 
120 1470 64 27 
300 1140 4 2 
1560 1470 53 8 29 
900 1170 52 75 
960 1170 52 10 
840 1170 9 73 
540 1170 54 5 
1710 1440 66 31 
330 1110 15 4 
930 1140 10 12 
