60
90 80 1 
180 80 0 2 3 
-90 170 1 
270 80 1 4 5 6 7 8 9 
45 170 3 
90 170 3 
135 170 3 
180 170 3 
225 170 3 
360 80 3 10 11 
360 170 9 
450 80 9 12 
540 80 11 13 
630 80 12 14 
720 80 13 15 16 
765 170 14 
810 80 14 17 18 19 
900 170 16 
945 170 16 
900 80 16 20 
990 80 19 21 
1080 80 20 22 23 
1260 170 21 
1170 80 21 24 
1260 80 23 25 26 27 28 29 30 
1485 170 24 
1530 170 24 
1575 170 24 
1620 170 24 
1665 170 24 
1350 80 24 31 
1440 80 30 32 
1530 80 31 33 
1620 80 32 34 35 36 37 38 39 40 
2070 170 33 
2115 170 33 
2160 170 33 
2205 170 33 
2250 170 33 
2295 170 33 
1710 80 33 41 
1800 80 40 42 43 44 
2520 170 41 
2565 170 41 
1890 80 41 45 
1980 80 44 46 
2070 80 45 47 48 49 50 51 52 
2880 170 46 
2925 170 46 
2970 170 46 
3015 170 46 
3060 170 46 
2160 80 46 53 
2250 80 52 54 55 
3285 170 53 
2340 80 53 56 57 58 
3420 170 55 
3465 170 55 
2430 80 55 59 
2520 80 58 
