50
90 80 1 
180 80 0 2 
270 80 1 3 4 5 6 7 
0 170 2 
45 170 2 
90 170 2 
135 170 2 
360 80 2 8 
450 80 7 9 
540 80 8 10 11 12 13 
450 170 9 
495 170 9 
540 170 9 
630 80 9 14 
720 80 13 15 
810 80 14 16 17 18 
855 170 15 
900 170 15 
900 80 15 19 20 
1035 170 18 
990 80 18 21 
1080 80 20 22 23 24 25 
1260 170 21 
1305 170 21 
1350 170 21 
1170 80 21 26 27 28 29 
1485 170 25 
1530 170 25 
1575 170 25 
1260 80 25 30 31 
1710 170 29 
1350 80 29 32 
1440 80 31 33 
1530 80 32 34 
1620 80 33 35 36 37 
2115 170 34 
2160 170 34 
1710 80 34 38 
1800 80 37 39 
1890 80 38 40 41 42 
2475 170 39 
2520 170 39 
1980 80 39 43 44 45 46 
2655 170 42 
2700 170 42 
2745 170 42 
2070 80 42 47 48 
2880 170 46 
2160 80 46 49 
2250 80 48 
