60
90 80 1 
180 80 0 2 3 
-90 170 1 
270 80 1 4 
360 80 3 5 6 7 8 
135 170 4 
180 170 4 
225 170 4 
450 80 4 9 
540 80 8 10 
630 80 9 11 12 
540 170 10 
720 80 10 13 
810 80 12 14 15 
765 170 13 
900 80 13 16 
990 80 15 17 18 19 
990 170 16 
1035 170 16 
1080 80 16 20 
1170 80 19 21 
1260 80 20 22 23 
1350 170 21 
1350 80 21 24 
1440 80 23 25 
1530 80 24 26 27 
1665 170 25 
1620 80 25 28 29 30 
1800 170 27 
1845 170 27 
1710 80 27 31 
1800 80 30 32 
1890 80 31 33 
1980 80 32 34 35 
2250 170 33 
2070 80 33 36 37 38 39 40 41 
2385 170 35 
2430 170 35 
2475 170 35 
2520 170 35 
2565 170 35 
2160 80 35 42 
2250 80 41 43 44 45 
2790 170 42 
2835 170 42 
2340 80 42 46 47 
2970 170 45 
2430 80 45 48 49 50 51 52 
3105 170 47 
3150 170 47 
3195 170 47 
3240 170 47 
2520 80 47 53 
2610 80 52 54 55 
3465 170 53 
2700 80 53 56 
2790 80 55 57 58 
3690 170 56 
2880 80 56 59 
2970 80 58 
