50
90 80 1 
180 80 0 2 
270 80 1 3 4 
0 170 2 
360 80 2 5 6 
135 170 4 
450 80 4 7 
540 80 6 8 9 
360 170 7 
630 80 7 10 11 12 13 
495 170 9 
540 170 9 
585 170 9 
720 80 9 14 15 
720 170 13 
810 80 13 16 
900 80 15 17 
990 80 16 18 
1080 80 17 19 20 
1125 170 18 
1170 80 18 21 22 
1260 170 20 
1260 80 20 23 24 
1395 170 22 
1350 80 22 25 26 27 28 
1530 170 24 
1575 170 24 
1620 170 24 
1440 80 24 29 30 31 32 33 
1755 170 28 
1800 170 28 
1845 170 28 
1890 170 28 
1530 80 28 34 
1620 80 33 35 
1710 80 34 36 37 38 
2205 170 35 
2250 170 35 
1800 80 35 39 
1890 80 38 40 
1980 80 39 41 42 
2565 170 40 
2070 80 40 43 
2160 80 42 44 45 46 
2790 170 43 
2835 170 43 
2250 80 43 47 
2340 80 46 48 
2430 80 47 49 
2520 80 48 
