50
90 80 1 
180 80 0 2 3 
-90 170 1 
270 80 1 4 
360 80 3 5 
450 80 4 6 7 
225 170 5 
540 80 5 8 9 
360 170 7 
630 80 7 10 
720 80 9 11 12 13 14 
585 170 10 
630 170 10 
675 170 10 
810 80 10 15 
900 80 14 16 17 
900 170 15 
990 80 15 18 19 
1035 170 17 
1080 80 17 20 21 
1170 170 19 
1170 80 19 22 
1260 80 21 23 24 
1395 170 22 
1350 80 22 25 26 27 28 
1530 170 24 
1575 170 24 
1620 170 24 
1440 80 24 29 30 
1755 170 28 
1530 80 28 31 32 
1890 170 30 
1620 80 30 33 
1710 80 32 34 35 
2115 170 33 
1800 80 33 36 37 38 
2250 170 35 
2295 170 35 
1890 80 35 39 
1980 80 38 40 
2070 80 39 41 
2160 80 40 42 
2250 80 41 43 44 45 
2790 170 42 
2835 170 42 
2340 80 42 46 
2430 80 45 47 
2520 80 46 48 
2610 80 47 49 
2700 80 48 
