60
90 80 1 
180 80 0 2 
270 80 1 3 4 
0 170 2 
360 80 2 5 
450 80 4 6 7 
225 170 5 
540 80 5 8 
630 80 7 9 
720 80 8 10 
810 80 9 11 12 13 14 15 16 
630 170 10 
675 170 10 
720 170 10 
765 170 10 
810 170 10 
900 80 10 17 
990 80 16 18 19 20 21 
1035 170 17 
1080 170 17 
1125 170 17 
1080 80 17 22 
1170 80 21 23 
1260 80 22 24 
1350 80 23 25 26 27 
1530 170 24 
1575 170 24 
1440 80 24 28 29 
1710 170 27 
1530 80 27 30 
1620 80 29 31 
1710 80 30 32 33 
2025 170 31 
1800 80 31 34 35 36 
2160 170 33 
2205 170 33 
1890 80 33 37 
1980 80 36 38 39 
2430 170 37 
2070 80 37 40 41 
2565 170 39 
2160 80 39 42 43 
2700 170 41 
2250 80 41 44 45 
2835 170 43 
2340 80 43 46 
2430 80 45 47 
2520 80 46 48 
2610 80 47 49 50 51 52 
3240 170 48 
3285 170 48 
3330 170 48 
2700 80 48 53 54 
3465 170 52 
2790 80 52 55 
2880 80 54 56 
2970 80 55 57 58 
3780 170 56 
3060 80 56 59 
3150 80 58 
