40
90 80 1 
180 80 0 2 
270 80 1 3 4 
0 170 2 
360 80 2 5 6 7 
135 170 4 
180 170 4 
450 80 4 8 9 10 11 12 
315 170 7 
360 170 7 
405 170 7 
450 170 7 
540 80 7 13 14 15 
585 170 12 
630 170 12 
630 80 12 16 
720 80 15 17 18 19 
855 170 16 
900 170 16 
810 80 16 20 
900 80 19 21 22 
1125 170 20 
990 80 20 23 24 25 
1260 170 22 
1305 170 22 
1080 80 22 26 
1170 80 25 27 28 29 30 
1530 170 26 
1575 170 26 
1620 170 26 
1260 80 26 31 32 33 
1755 170 30 
1800 170 30 
1350 80 30 34 35 36 37 
1935 170 33 
1980 170 33 
2025 170 33 
1440 80 33 38 
1530 80 37 39 
1620 80 38 
