50
90 80 1 
180 80 0 2 
270 80 1 3 4 5 
0 170 2 
45 170 2 
360 80 2 6 7 8 
180 170 5 
225 170 5 
450 80 5 9 10 
360 170 8 
540 80 8 11 12 13 14 
495 170 10 
540 170 10 
585 170 10 
630 80 10 15 16 17 
720 170 14 
765 170 14 
720 80 14 18 19 
900 170 17 
810 80 17 20 
900 80 19 21 22 
1125 170 20 
990 80 20 23 24 25 26 27 
1260 170 22 
1305 170 22 
1350 170 22 
1395 170 22 
1080 80 22 28 29 
1530 170 27 
1170 80 27 30 31 32 
1665 170 29 
1710 170 29 
1260 80 29 33 
1350 80 32 34 
1440 80 33 35 
1530 80 34 36 
1620 80 35 37 
1710 80 36 38 
1800 80 37 39 
1890 80 38 40 41 
2475 170 39 
1980 80 39 42 
2070 80 41 43 44 45 
2700 170 42 
2745 170 42 
2160 80 42 46 47 48 
2880 170 45 
2925 170 45 
2250 80 45 49 
2340 80 48 
