60
90 80 1 
180 80 0 2 
270 80 1 3 4 5 6 7 
0 170 2 
45 170 2 
90 170 2 
135 170 2 
360 80 2 8 9 
270 170 7 
450 80 7 10 11 
405 170 9 
540 80 9 12 13 14 15 16 17 18 19 
540 170 11 
585 170 11 
630 170 11 
675 170 11 
720 170 11 
765 170 11 
810 170 11 
630 80 11 20 
720 80 19 21 
810 80 20 22 23 24 
1125 170 21 
1170 170 21 
900 80 21 25 
990 80 24 26 
1080 80 25 27 28 29 
1485 170 26 
1530 170 26 
1170 80 26 30 31 32 33 
1665 170 29 
1710 170 29 
1755 170 29 
1260 80 29 34 35 
1890 170 33 
1350 80 33 36 
1440 80 35 37 38 39 40 
2115 170 36 
2160 170 36 
2205 170 36 
1530 80 36 41 42 43 
2340 170 40 
2385 170 40 
1620 80 40 44 45 46 
2520 170 43 
2565 170 43 
1710 80 43 47 
1800 80 46 48 
1890 80 47 49 
1980 80 48 50 
2070 80 49 51 52 53 
3060 170 50 
3105 170 50 
2160 80 50 54 55 56 
3240 170 53 
3285 170 53 
2250 80 53 57 58 
3420 170 56 
2340 80 56 59 
2430 80 58 
