50
90 80 1 
180 80 0 2 3 4 
-90 170 1 
-45 170 1 
270 80 1 5 
360 80 4 6 
450 80 5 7 
540 80 6 8 
630 80 7 9 
720 80 8 10 11 
540 170 9 
810 80 9 12 13 14 15 
675 170 11 
720 170 11 
765 170 11 
900 80 11 16 17 18 
900 170 15 
945 170 15 
990 80 15 19 20 21 
1080 170 18 
1125 170 18 
1080 80 18 22 
1170 80 21 23 24 
1350 170 22 
1260 80 22 25 26 
1485 170 24 
1350 80 24 27 
1440 80 26 28 
1530 80 27 29 
1620 80 28 30 31 
1890 170 29 
1710 80 29 32 33 34 
2025 170 31 
2070 170 31 
1800 80 31 35 36 37 38 39 40 41 42 43 44 
2205 170 34 
2250 170 34 
2295 170 34 
2340 170 34 
2385 170 34 
2430 170 34 
2475 170 34 
2520 170 34 
2565 170 34 
1890 80 34 45 46 47 
2700 170 44 
2745 170 44 
1980 80 44 48 
2070 80 47 49 
2160 80 48 
