40
90 80 1 
180 80 0 2 3 4 5 
-90 170 1 
-45 170 1 
0 170 1 
270 80 1 6 
360 80 5 7 8 9 
225 170 6 
270 170 6 
450 80 6 10 
540 80 9 11 
630 80 10 12 
720 80 11 13 
810 80 12 14 
900 80 13 15 
990 80 14 16 17 
945 170 15 
1080 80 15 18 
1170 80 17 19 20 
1170 170 18 
1260 80 18 21 
1350 80 20 22 
1440 80 21 23 24 
1485 170 22 
1530 80 22 25 
1620 80 24 26 27 
1710 170 25 
1710 80 25 28 
1800 80 27 29 30 
1935 170 28 
1890 80 28 31 32 
2070 170 30 
1980 80 30 33 
2070 80 32 34 
2160 80 33 35 36 37 
2385 170 34 
2430 170 34 
2250 80 34 38 39 
2565 170 37 
2340 80 37 
