40
90 80 1 
180 80 0 2 3 
-90 170 1 
270 80 1 4 
360 80 3 5 6 7 8 
135 170 4 
180 170 4 
225 170 4 
450 80 4 9 
540 80 8 10 
630 80 9 11 12 
540 170 10 
720 80 10 13 
810 80 12 14 15 
765 170 13 
900 80 13 16 
990 80 15 17 18 
990 170 16 
1080 80 16 19 20 
1125 170 18 
1170 80 18 21 22 23 
1260 170 20 
1305 170 20 
1260 80 20 24 25 
1440 170 23 
1350 80 23 26 
1440 80 25 27 28 
1665 170 26 
1530 80 26 29 
1620 80 28 30 
1710 80 29 31 32 
1980 170 30 
1800 80 30 33 
1890 80 32 34 
1980 80 33 35 36 
2295 170 34 
2070 80 34 37 
2160 80 36 38 39 
2520 170 37 
2250 80 37 
