40
90 80 1 
180 80 0 2 
270 80 1 3 4 5 
0 170 2 
45 170 2 
360 80 2 6 7 8 9 10 11 12 13 14 15 16 
180 170 5 
225 170 5 
270 170 5 
315 170 5 
360 170 5 
405 170 5 
450 170 5 
495 170 5 
540 170 5 
585 170 5 
450 80 5 17 
540 80 16 18 19 
810 170 17 
630 80 17 20 21 
945 170 19 
720 80 19 22 23 24 25 
1080 170 21 
1125 170 21 
1170 170 21 
810 80 21 26 27 28 
1305 170 25 
1350 170 25 
900 80 25 29 
990 80 28 30 
1080 80 29 31 
1170 80 30 32 
1260 80 31 33 
1350 80 32 34 
1440 80 33 35 36 
2025 170 34 
1530 80 34 37 
1620 80 36 38 
1710 80 37 39 
1800 80 38 
