40
90 80 1 
180 80 0 2 
270 80 1 3 4 
0 170 2 
360 80 2 5 6 
135 170 4 
450 80 4 7 8 
270 170 6 
540 80 6 9 10 11 12 13 
405 170 8 
450 170 8 
495 170 8 
540 170 8 
630 80 8 14 15 
675 170 13 
720 80 13 16 
810 80 15 17 18 
900 170 16 
900 80 16 19 
990 80 18 20 21 
1125 170 19 
1080 80 19 22 
1170 80 21 23 24 25 26 
1350 170 22 
1395 170 22 
1440 170 22 
1260 80 22 27 28 
1575 170 26 
1350 80 26 29 
1440 80 28 30 31 32 
1800 170 29 
1845 170 29 
1530 80 29 33 34 35 
1980 170 32 
2025 170 32 
1620 80 32 36 
1710 80 35 37 38 
2250 170 36 
1800 80 36 39 
1890 80 38 
