60
90 80 1 
180 80 0 2 3 4 5 6 
-90 170 1 
-45 170 1 
0 170 1 
45 170 1 
270 80 1 7 
360 80 6 8 9 10 11 12 13 
270 170 7 
315 170 7 
360 170 7 
405 170 7 
450 170 7 
450 80 7 14 15 
585 170 13 
540 80 13 16 
630 80 15 17 
720 80 16 18 
810 80 17 19 20 21 22 
990 170 18 
1035 170 18 
1080 170 18 
900 80 18 23 
990 80 22 24 25 
1305 170 23 
1080 80 23 26 27 
1440 170 25 
1170 80 25 28 29 
1575 170 27 
1260 80 27 30 31 32 33 34 
1710 170 29 
1755 170 29 
1800 170 29 
1845 170 29 
1350 80 29 35 36 37 
1980 170 34 
2025 170 34 
1440 80 34 38 
1530 80 37 39 
1620 80 38 40 41 
2340 170 39 
1710 80 39 42 
1800 80 41 43 44 
2565 170 42 
1890 80 42 45 
1980 80 44 46 
2070 80 45 47 
2160 80 46 48 
2250 80 47 49 
2340 80 48 50 51 
3150 170 49 
2430 80 49 52 
2520 80 51 53 
2610 80 52 54 55 56 
3465 170 53 
3510 170 53 
2700 80 53 57 58 
3645 170 56 
2790 80 56 59 
2880 80 58 
