50
90 80 1 
180 80 0 2 
270 80 1 3 4 5 6 7 
0 170 2 
45 170 2 
90 170 2 
135 170 2 
360 80 2 8 9 
270 170 7 
450 80 7 10 
540 80 9 11 12 
495 170 10 
630 80 10 13 14 15 
630 170 12 
675 170 12 
720 80 12 16 
810 80 15 17 
900 80 16 18 
990 80 17 19 20 21 22 23 
1080 170 18 
1125 170 18 
1170 170 18 
1215 170 18 
1080 80 18 24 25 26 
1350 170 23 
1395 170 23 
1170 80 23 27 
1260 80 26 28 
1350 80 27 29 
1440 80 28 30 31 32 
1800 170 29 
1845 170 29 
1530 80 29 33 34 35 
1980 170 32 
2025 170 32 
1620 80 32 36 37 38 39 
2160 170 35 
2205 170 35 
2250 170 35 
1710 80 35 40 
1800 80 39 41 42 43 44 45 46 
2475 170 40 
2520 170 40 
2565 170 40 
2610 170 40 
2655 170 40 
1890 80 40 47 48 
2790 170 46 
1980 80 46 49 
2070 80 48 
