50
90 80 1 
180 80 0 2 3 4 
-90 170 1 
-45 170 1 
270 80 1 5 
360 80 4 6 7 
180 170 5 
450 80 5 8 9 10 
315 170 7 
360 170 7 
540 80 7 11 
630 80 10 12 
720 80 11 13 
810 80 12 14 15 16 
765 170 13 
810 170 13 
900 80 13 17 
990 80 16 18 19 20 21 22 
1035 170 17 
1080 170 17 
1125 170 17 
1170 170 17 
1080 80 17 23 24 25 
1305 170 22 
1350 170 22 
1170 80 22 26 27 
1485 170 25 
1260 80 25 28 29 30 
1620 170 27 
1665 170 27 
1350 80 27 31 
1440 80 30 32 33 34 
1890 170 31 
1935 170 31 
1530 80 31 35 
1620 80 34 36 
1710 80 35 37 
1800 80 36 38 
1890 80 37 39 40 41 42 43 
2430 170 38 
2475 170 38 
2520 170 38 
2565 170 38 
1980 80 38 44 45 46 47 
2700 170 43 
2745 170 43 
2790 170 43 
2070 80 43 48 49 
2925 170 47 
2160 80 47 
