40
90 80 1 
180 80 0 2 3 
-90 170 1 
270 80 1 4 5 
45 170 3 
360 80 3 6 
450 80 5 7 
540 80 6 8 
630 80 7 9 10 
450 170 8 
720 80 8 11 12 
585 170 10 
810 80 10 13 14 15 
720 170 12 
765 170 12 
900 80 12 16 17 
900 170 15 
990 80 15 18 19 20 
1035 170 17 
1080 170 17 
1080 80 17 21 
1170 80 20 22 23 
1305 170 21 
1260 80 21 24 25 
1440 170 23 
1350 80 23 26 27 28 29 
1575 170 25 
1620 170 25 
1665 170 25 
1440 80 25 30 
1530 80 29 31 
1620 80 30 32 
1710 80 31 33 34 35 
2070 170 32 
2115 170 32 
1800 80 32 36 
1890 80 35 37 38 
2340 170 36 
1980 80 36 39 
2070 80 38 
