40
90 80 1 
180 80 0 2 3 
-90 170 1 
270 80 1 4 5 
45 170 3 
360 80 3 6 
450 80 5 7 8 9 10 11 
270 170 6 
315 170 6 
360 170 6 
405 170 6 
540 80 6 12 
630 80 11 13 14 15 
630 170 12 
675 170 12 
720 80 12 16 
810 80 15 17 
900 80 16 18 19 20 21 
990 170 17 
1035 170 17 
1080 170 17 
990 80 17 22 23 
1215 170 21 
1080 80 21 24 
1170 80 23 25 26 
1440 170 24 
1260 80 24 27 
1350 80 26 28 29 
1665 170 27 
1440 80 27 30 
1530 80 29 31 
1620 80 30 32 33 34 35 36 
1980 170 31 
2025 170 31 
2070 170 31 
2115 170 31 
1710 80 31 37 
1800 80 36 38 
1890 80 37 39 
1980 80 38 
