60
90 80 1 
180 80 0 2 3 4 
-90 170 1 
-45 170 1 
270 80 1 5 6 
90 170 4 
360 80 4 7 8 
225 170 6 
450 80 6 9 
540 80 8 10 
630 80 9 11 
720 80 10 12 
810 80 11 13 
900 80 12 14 15 
810 170 13 
990 80 13 16 
1080 80 15 17 
1170 80 16 18 
1260 80 17 19 20 21 
1215 170 18 
1260 170 18 
1350 80 18 22 
1440 80 21 23 
1530 80 22 24 
1620 80 23 25 26 27 
1665 170 24 
1710 170 24 
1710 80 24 28 29 
1845 170 27 
1800 80 27 30 
1890 80 29 31 32 
2070 170 30 
1980 80 30 33 
2070 80 32 34 35 
2295 170 33 
2160 80 33 36 37 38 39 
2430 170 35 
2475 170 35 
2520 170 35 
2250 80 35 40 41 42 43 44 45 46 47 48 49 50 51 52 53 
2655 170 39 
2700 170 39 
2745 170 39 
2790 170 39 
2835 170 39 
2880 170 39 
2925 170 39 
2970 170 39 
3015 170 39 
3060 170 39 
3105 170 39 
3150 170 39 
3195 170 39 
2340 80 39 54 55 56 57 
3330 170 53 
3375 170 53 
3420 170 53 
2430 80 53 58 
2520 80 57 59 
2610 80 58 
