60
90 80 1 
180 80 0 2 3 4 
-90 170 1 
-45 170 1 
270 80 1 5 
360 80 4 6 
450 80 5 7 8 9 
270 170 6 
315 170 6 
540 80 6 10 11 12 13 14 15 
450 170 9 
495 170 9 
540 170 9 
585 170 9 
630 170 9 
630 80 9 16 
720 80 15 17 18 
855 170 16 
810 80 16 19 
900 80 18 20 21 22 23 24 
1080 170 19 
1125 170 19 
1170 170 19 
1215 170 19 
990 80 19 25 26 27 28 29 30 31 
1350 170 24 
1395 170 24 
1440 170 24 
1485 170 24 
1530 170 24 
1575 170 24 
1080 80 24 32 33 34 
1710 170 31 
1755 170 31 
1170 80 31 35 
1260 80 34 36 37 
1980 170 35 
1350 80 35 38 39 40 41 
2115 170 37 
2160 170 37 
2205 170 37 
1440 80 37 42 
1530 80 41 43 
1620 80 42 44 
1710 80 43 45 46 
2610 170 44 
1800 80 44 47 
1890 80 46 48 49 
2835 170 47 
1980 80 47 50 
2070 80 49 51 52 
3060 170 50 
2160 80 50 53 
2250 80 52 54 
2340 80 53 55 
2430 80 54 56 
2520 80 55 57 58 
3555 170 56 
2610 80 56 59 
2700 80 58 
