40
90 80 1 
180 80 0 2 3 4 
-90 170 1 
-45 170 1 
270 80 1 5 
360 80 4 6 7 8 9 
180 170 5 
225 170 5 
270 170 5 
450 80 5 10 11 12 13 
405 170 9 
450 170 9 
495 170 9 
540 80 9 14 
630 80 13 15 16 
720 170 14 
720 80 14 17 18 19 
855 170 16 
900 170 16 
810 80 16 20 21 22 23 
1035 170 19 
1080 170 19 
1125 170 19 
900 80 19 24 25 26 
1260 170 23 
1305 170 23 
990 80 23 27 28 
1440 170 26 
1080 80 26 29 30 
1575 170 28 
1170 80 28 31 
1260 80 30 32 33 
1800 170 31 
1350 80 31 34 
1440 80 33 35 
1530 80 34 36 
1620 80 35 37 
1710 80 36 38 39 
2295 170 37 
1800 80 37 
