60
90 80 1 
180 80 0 2 
270 80 1 3 4 5 6 
0 170 2 
45 170 2 
90 170 2 
360 80 2 7 8 9 
225 170 6 
270 170 6 
450 80 6 10 
540 80 9 11 12 
495 170 10 
630 80 10 13 14 15 16 17 18 19 
630 170 12 
675 170 12 
720 170 12 
765 170 12 
810 170 12 
855 170 12 
720 80 12 20 21 
990 170 19 
810 80 19 22 
900 80 21 23 
990 80 22 24 
1080 80 23 25 
1170 80 24 26 
1260 80 25 27 
1350 80 26 28 29 30 
1665 170 27 
1710 170 27 
1440 80 27 31 32 33 34 
1845 170 30 
1890 170 30 
1935 170 30 
1530 80 30 35 
1620 80 34 36 37 
2160 170 35 
1710 80 35 38 
1800 80 37 39 40 41 42 
2385 170 38 
2430 170 38 
2475 170 38 
1890 80 38 43 44 
2610 170 42 
1980 80 42 45 
2070 80 44 46 
2160 80 45 47 48 
2925 170 46 
2250 80 46 49 50 
3060 170 48 
2340 80 48 51 
2430 80 50 52 53 54 55 
3285 170 51 
3330 170 51 
3375 170 51 
2520 80 51 56 57 
3510 170 55 
2610 80 55 58 
2700 80 57 59 
2790 80 58 
