50
90 80 1 
180 80 0 2 
270 80 1 3 4 
0 170 2 
360 80 2 5 6 
135 170 4 
450 80 4 7 
540 80 6 8 9 
360 170 7 
630 80 7 10 11 12 13 
495 170 9 
540 170 9 
585 170 9 
720 80 9 14 15 
720 170 13 
810 80 13 16 17 
855 170 15 
900 80 15 18 19 
990 170 17 
990 80 17 20 21 22 
1125 170 19 
1170 170 19 
1080 80 19 23 
1170 80 22 24 
1260 80 23 25 26 27 
1485 170 24 
1530 170 24 
1350 80 24 28 
1440 80 27 29 30 
1755 170 28 
1530 80 28 31 
1620 80 30 32 
1710 80 31 33 34 
2070 170 32 
1800 80 32 35 
1890 80 34 36 
1980 80 35 37 
2070 80 36 38 
2160 80 37 39 
2250 80 38 40 41 
2655 170 39 
2340 80 39 42 
2430 80 41 43 44 45 
2880 170 42 
2925 170 42 
2520 80 42 46 
2610 80 45 47 48 
3150 170 46 
2700 80 46 49 
2790 80 48 
