60
90 80 1 
180 80 0 2 3 4 
-90 170 1 
-45 170 1 
270 80 1 5 
360 80 4 6 7 
180 170 5 
450 80 5 8 9 10 11 
315 170 7 
360 170 7 
405 170 7 
540 80 7 12 13 
540 170 11 
630 80 11 14 15 
675 170 13 
720 80 13 16 
810 80 15 17 18 19 
900 170 16 
945 170 16 
900 80 16 20 21 
1080 170 19 
990 80 19 22 23 
1215 170 21 
1080 80 21 24 
1170 80 23 25 
1260 80 24 26 27 28 29 30 31 
1530 170 25 
1575 170 25 
1620 170 25 
1665 170 25 
1710 170 25 
1350 80 25 32 
1440 80 31 33 
1530 80 32 34 
1620 80 33 35 
1710 80 34 36 37 
2205 170 35 
1800 80 35 38 
1890 80 37 39 
1980 80 38 40 
2070 80 39 41 42 
2610 170 40 
2160 80 40 43 
2250 80 42 44 
2340 80 43 45 
2430 80 44 46 47 
3015 170 45 
2520 80 45 48 
2610 80 47 49 
2700 80 48 50 51 
3330 170 49 
2790 80 49 52 53 
3465 170 51 
2880 80 51 54 
2970 80 53 55 
3060 80 54 56 
3150 80 55 57 58 
3870 170 56 
3240 80 56 59 
3330 80 58 
