50
90 80 1 
180 80 0 2 3 4 5 
-90 170 1 
-45 170 1 
0 170 1 
270 80 1 6 7 
135 170 5 
360 80 5 8 9 10 
270 170 7 
315 170 7 
450 80 7 11 
540 80 10 12 
630 80 11 13 14 15 16 17 18 19 20 21 22 
630 170 12 
675 170 12 
720 170 12 
765 170 12 
810 170 12 
855 170 12 
900 170 12 
945 170 12 
990 170 12 
720 80 12 23 24 
1125 170 22 
810 80 22 25 
900 80 24 26 
990 80 25 27 
1080 80 26 28 
1170 80 27 29 
1260 80 28 30 
1350 80 29 31 32 
1800 170 30 
1440 80 30 33 
1530 80 32 34 
1620 80 33 35 
1710 80 34 36 
1800 80 35 37 
1890 80 36 38 
1980 80 37 39 
2070 80 38 40 
2160 80 39 41 42 43 44 
2655 170 40 
2700 170 40 
2745 170 40 
2250 80 40 45 46 47 
2880 170 44 
2925 170 44 
2340 80 44 48 49 
3060 170 47 
2430 80 47 
