40
90 80 1 
180 80 0 2 3 
-90 170 1 
270 80 1 4 
360 80 3 5 
450 80 4 6 7 8 9 
225 170 5 
270 170 5 
315 170 5 
540 80 5 10 
630 80 9 11 12 13 
540 170 10 
585 170 10 
720 80 10 14 15 16 17 18 19 
720 170 13 
765 170 13 
810 170 13 
855 170 13 
900 170 13 
810 80 13 20 21 22 
1035 170 19 
1080 170 19 
900 80 19 23 24 
1215 170 22 
990 80 22 25 26 
1350 170 24 
1080 80 24 27 28 
1485 170 26 
1170 80 26 29 
1260 80 28 30 
1350 80 29 31 32 33 
1800 170 30 
1845 170 30 
1440 80 30 34 35 36 
1980 170 33 
2025 170 33 
1530 80 33 37 38 
2160 170 36 
1620 80 36 39 
1710 80 38 
