112
0.25415 -0.26630 1 2 3
-0.01118 -0.21329 0 2 9 14 17 18 19 28 41 45 46 51 91 102
0.03864 0.10551 0 1 3 9 11 14 17 21 22 23 24 25 26 27 31 34 36 41 42 45 50 51 54 66 73 83 93 97 98 102 104 105 111
0.17884 -0.00726 0 2 9 10 18 41 43 51 85
0.52139 -0.44923 5 89
0.21900 -0.17270 4 6 17 27 32 39 43
-0.13281 -0.22984 5 7 32 51 52 55
-0.16079 0.07401 6 15 17 21 37 38 51 70 75 87 106
-0.46688 -0.59261 9
-0.17216 -0.17589 1 2 3 8 12 17 24 25 26 39 40 42 59 60 61 62 89
0.14664 0.31757 3 11 12 50
-0.16373 0.39640 2 10 40 63 69 98 104
-0.00714 0.13103 9 10 17 18 43 50 87 88 102 104
-0.28857 -0.12928 14 15 16 17 18 102
-0.31006 -0.00341 1 2 13 16 17 25 36 37 59 68 71 105
-0.04786 0.05084 7 13 17 32 38 43 48 75 76 79 88 104
-0.60452 -0.09166 13 14 68
-0.00726 0.08264 1 2 5 7 9 12 13 14 15 21 22 24 25 26 27 28 31 32 34 35 36 37 38 43 44 50 51 52 54 65 66 67 70 72 77 80 82 83 84 85 86 87 88 89 93 98 102 103 104
0.03534 -0.19036 1 3 12 13 21 29 34 43 44 50 51 53 54 60
0.06923 0.19772 1 20 21 22 23 24 25 26 27
0.35143 0.34573 19 43 79 94 108
0.07023 0.01977 2 7 17 18 19 28 43 48 50 51
0.33633 0.20702 2 17 19 45 94
-0.20518 0.34280 2 19 43 47 51 59 69 105
-0.17091 0.18771 2 9 17 19 36 43 47 49 68 75 76 87 103 104 108
-0.16324 0.02812 2 9 14 17 19 30 41 46 48 51 59 77 88 104
0.01371 -0.01300 2 9 17 19 43 51 56 68 79 80 104
0.11948 0.11776 2 5 17 19 43 52 54 63 68 76 79 80 87 96 103
0.14963 -0.23054 1 17 21 29 30 31 32 33 34 35 44 89 92
0.22783 -0.51705 18 28 58 74 79
0.15248 -0.16265 25 28 51 79 84 92
0.16466 0.08927 2 17 28 32 41 43 51 79 86 103 104 108
0.13722 -0.07360 5 6 15 17 28 31 51 52 70 100
-0.08973 -0.37721 28 76 84 104 107
-0.02249 -0.29869 2 17 18 28 51 54 107
-0.21942 -0.16763 17 28 48 51 71 104
-0.26020 0.17496 2 14 17 24 43 55 87
-0.35162 -0.05041 7 14 17 38 47 57 58 59 72 103
-0.23240 -0.07154 7 15 17 37 39 40 41 51 104
-0.03457 -0.16521 5 9 38 43 103
-0.41475 -0.01049 9 11 38 56
0.06189 -0.10727 1 2 3 25 31 38 42 43
0.07410 -0.34181 2 9 41 51 56 79 90
0.08475 0.13282 3 5 12 15 17 18 20 21 23 24 26 27 31 36 39 41 44 48 59 63 66 70 80 81 83 98 99 100
0.24905 -0.05405 17 18 28 43 45 50 102
0.24974 -0.11070 1 2 22 44 52 73
-0.31877 -0.26022 1 25 104
-0.45769 0.27098 23 24 37 48 49
-0.13579 0.13956 15 21 25 35 43 47 50 76 88 104
-0.47265 0.15322 24 47 51 59 68
0.11030 -0.02663 2 10 12 17 18 21 44 48 51 52 53 54 78 102 104
-0.12362 -0.03778 1 2 3 6 7 17 18 21 23 25 26 30 31 32 34 35 38 42 49 50 54 57 59 66 67 68 101 106
0.08941 -0.21112 6 17 27 32 45 50 56
0.13149 -0.31867 18 50 54 73 89 102
-0.03477 -0.07121 2 17 18 27 34 50 51 53 68 70 72 75 78
-0.49407 -0.04267 6 36 70
-0.17641 -0.33199 26 40 42 52
-0.57066 0.04685 37 51 75
-0.17865 -0.54206 29 37
-0.30967 0.07457 9 14 23 25 37 43 49 51 65 70 71 72 104
-0.26774 -0.37104 9 18 71 76 101
-0.50662 -0.21526 9 104
-0.57454 -0.42948 9 71
-0.05315 0.55162 11 27 43 64 65
-0.09132 1.00000 63
-0.25032 0.30450 17 59 63 84 87 103
-0.09715 0.21177 2 17 43 51 72 75 102
-0.29009 0.23140 17 51 76 87
-0.26755 0.00919 14 16 24 26 27 49 51 54 70 73 75 84
-0.35082 0.68269 11 23
-0.19667 0.09602 7 17 32 43 54 55 59 68 75 87 102 105
-0.43272 -0.25441 14 35 59 60 62 73
-0.22588 0.21800 17 37 54 59 66 80 105
-0.09665 -0.18138 2 45 53 68 71 76 103
0.42184 -0.91604 29
-0.31773 0.12659 7 15 24 54 57 66 68 70 76 77
-0.03949 -0.02288 15 24 27 33 48 60 67 73 75 80 92 106
-0.38203 0.30546 17 25 75
0.37313 -0.21037 50 54 79
0.35292 -0.04458 15 20 26 27 29 30 31 42 78 81 83 109 110
0.06366 0.26297 17 26 27 43 72 76 81 106
0.27727 0.28419 43 79 80 94 98 104
0.01786 0.62429 17
0.22992 0.23481 2 17 43 79 87
-0.17595 -0.09339 17 30 33 65 68 104
0.42284 0.14050 3 17
0.40862 0.28193 17 31
-0.09025 0.29007 7 12 17 24 27 36 65 67 70 83
-0.02628 0.30349 12 15 17 25 48 106
0.29850 -0.25879 4 9 17 28 53 92 99
0.19644 -0.80184 42
0.02957 -0.70683 1
0.46655 -0.17755 28 30 76 89 95 96
0.18824 0.44240 2 17
0.55651 0.44971 20 22 81
0.92368 -0.25747 92
0.50837 0.12567 27 92 106
0.22600 0.60615 2
0.08688 0.39056 2 11 17 43 81
0.52416 -0.07250 43 89
0.51917 0.03349 32 43 110
-0.43437 -0.42873 51 60
0.00743 -0.06833 1 2 12 13 17 44 50 53 66 70
-0.10817 0.08889 17 24 27 31 37 39 65 73 104
-0.12145 0.02377 2 11 12 15 17 24 25 26 31 33 35 38 46 48 50 59 61 81 84 103 105
-0.17417 0.30900 2 14 23 70 72 104 108
0.15988 0.18816 7 51 76 80 88 96
-0.10819 -0.68801 33 34
0.07175 0.45452 20 24 31 105
0.80386 -0.17490 79
0.76932 -0.00813 79 100
0.34815 0.53923 2
