379
0.17344 0.40111 1 2 3 4 15 43 112 130 249 258
0.21409 0.41302 0 2
0.21074 0.42608 0 1
0.05256 0.42935 0 4 12 13 14 15 43 44 45 46 60 125 126 127 145 151 152 153 163 164 165 175 176 248 249 273 312 313 322 323 329 370 372 373
0.11453 0.34880 0 3 14 15 43 44 45 46 175 176 198 200 201 203 230 234 235 236 237 248 249 253 297 312 313 372 373
0.54619 0.19668 6 7
0.58492 0.21447 5 7 189 190 191 192
0.49130 0.16325 5 6 25 61 62 63 64 136 188 341 342 343
-0.64888 -0.50600 9 10 11
-0.60716 -0.51772 8 10 11 66 67 68
-0.65051 -0.52190 8 9 11
-0.65755 -0.51305 8 9 10
0.10849 0.51079 3 13 14 15 16 17 18 19 273
0.08471 0.47184 3 12 14 15
0.07083 0.47094 3 4 12 13 15 44 45 46 175 176 277 278 333 365 366 367
0.09046 0.42861 0 3 4 12 13 14 44 45 46 152 153 175 176 248 249 312 313 322 323 370 372
0.17881 0.55778 12 17 28 57 171 200 257 260 364
0.17950 0.55228 12 16 57 171 200 257 260 364
0.10255 0.59136 12 19 207
0.10680 0.57019 12 18
-0.02549 -0.10941 21 22 23 32 108 219 220 231 232 267 286 287
-0.05382 -0.13887 20 22 23
-0.11682 -0.17079 20 21 23 49 50 51 53 54 219 226 227
0.00514 -0.12987 20 21 22 78 139 219 228 231 232 267
0.34347 -0.03270 25 26 27
0.31169 0.00776 7 24 26 27 39 94 103 104 105 106 107 123 124 154 196 197 230 233 250 272 294 295 296 305 314 315 316
0.33270 -0.03844 24 25 27
0.33255 -0.02500 24 25 26
0.18811 0.61616 16
-0.14306 -0.25137 30 31 32 33 34 35 50 75 218
-0.11650 -0.24267 29 31 32 33
-0.13693 -0.27557 29 30 32 33 34 35 50 75 215 216 217 218 306 368 369
-0.09159 -0.20668 20 29 30 31 33 34 35 108 218 219 220
-0.12522 -0.24077 29 30 31 32
-0.11147 -0.25767 29 31 32 35 218
-0.10801 -0.25109 29 31 32 34
0.24019 1.00000 37
0.23371 0.94961 36 303 304
0.28427 0.15190 39
0.26506 0.11994 25 38 172 173 174 238 239 281 325
-0.30673 -0.39841 41 42 240 241 242 243
-0.29393 -0.35032 40 42 51 169 240 241 242 243 274 275 276 363
-0.32176 -0.39458 40 41 274 275 276
0.02719 0.28754 0 3 4 65
0.07384 0.41587 3 4 14 15 45 46 175 176 322 323
0.09160 0.41631 3 4 14 15 44 46 175 176
0.08365 0.41719 3 4 14 15 44 45 175 176
-0.56265 -0.65885 48
-0.53916 -0.61790 47 66 73 180 181 182 225
-0.19032 -0.21494 22 50 51 52
-0.15293 -0.22350 22 29 31 49 51 75 94 99 159 168 169 306 307 321 336
-0.25040 -0.23409 22 41 49 50 75 99 115 116 168 169 265 266 290 363
-0.23398 -0.25220 49 169
-0.13913 -0.14582 22 54
-0.15061 -0.15141 22 53
-0.23545 -0.00455 56 99 109 193 194
-0.27763 0.01718 55
0.19463 0.66679 16 17 58 59
0.20531 0.74082 57 59
0.21278 0.79501 57 58 303 356 357 358
0.00745 0.43928 3 163 164 165
0.56743 0.17233 7 62 63 64
0.54322 0.16982 7 61 63
0.53980 0.17862 7 61 62
0.63674 0.17500 7 61 263 264 298 299 300 301 344 345
-0.12730 0.09707 43 99 100 101 109 110
-0.53042 -0.51554 9 48 67 68 69 70 71 72 73 74 79 80 120 121 122 168 247 284 362
-0.56891 -0.51656 9 66 68 79 80
-0.58295 -0.54437 9 66 67 69 70 74 79 80 284
-0.64993 -0.61060 66 68 70 71 72 74 118 149 213 302 327 328 347 348 349 350 377 378
-0.60007 -0.56649 66 68 69 71 72 74
-0.61972 -0.59606 66 69 70 72 118 302
-0.63666 -0.57235 66 69 70 71 149
-0.53523 -0.57495 48 66
-0.58961 -0.56415 66 68 69 70 284
-0.22333 -0.28185 29 31 50 51 168 169
0.01542 -0.24924 77 78
0.02739 -0.24709 76 78
0.01439 -0.20371 23 76 77
-0.55685 -0.52298 66 67 68 80
-0.52923 -0.50010 66 67 68 79 120 121 122
0.54678 -0.15465 82 83 84 85 86 87 88
0.54746 -0.16374 81 83 84 85 86 87 88 261 262
0.55551 -0.15953 81 82 84 85 86 87 88
0.52264 -0.14417 81 82 83 85 86 87 88 105 259 261 262
0.52870 -0.13716 81 82 83 84 86 87 88 105 259 261 262
0.55742 -0.15103 81 82 83 84 85 87 88
0.52435 -0.13955 81 82 83 84 85 86 88 105 259 261 262
0.55224 -0.14549 81 82 83 84 85 86 87
0.39428 0.55939 90 91
0.36035 0.53160 89 91 129 130 131 132 133 187
0.36491 0.52546 89 90 129 130 131 132 133 187
0.11838 -0.17813 93 94 95 96 97 98
0.11630 -0.18610 92 94 95 96 97 98
0.07769 -0.14848 25 50 92 93 95 96 97 98 177 178 179 285 307 336 337 338 361
0.12223 -0.19874 92 93 94 96 97 98 140
0.10688 -0.17794 92 93 94 95 97 98 177 361
0.10735 -0.19399 92 93 94 95 96 98
0.10426 -0.18707 92 93 94 95 96 97
-0.20200 -0.05141 50 51 55 65 100 101 102 109 110 144 193 194
-0.18725 0.03454 65 99 101 102 310
-0.21836 0.05598 65 99 100 158 279 359 360
-0.20432 -0.00545 99 100
0.39125 -0.03747 25 104 105 106 107
0.38838 -0.04731 25 103 105 106
0.45744 -0.08484 25 84 85 87 103 104 106 184 259
0.40431 -0.04945 25 103 104 105 107 282 283 371
0.37938 -0.00516 25 103 106 124 154 155 157
-0.05590 -0.16370 20 32
-0.19495 0.01827 55 65 99 110 193 194
-0.17064 0.02589 65 99 109
0.33421 0.47871 112 113 114
0.32604 0.42453 0 111 113 114 130 134 135 188 258 311 351 352 353 354 355
0.34289 0.46399 111 112 114 130 134 311
0.30671 0.50886 111 112 113 171 346
-0.34991 -0.22252 51 116 317 318 319 320
-0.31027 -0.22549 51 115
-0.69832 -0.73482 118 119 208
-0.67394 -0.66655 69 71 117 119 213 302 347 348 349 350
-0.69215 -0.71669 117 118
-0.50066 -0.48982 66 80 121 122
-0.46031 -0.44945 66 80 120 122 168 247
-0.50666 -0.48250 66 80 120 121
0.32989 0.02989 25 124
0.33735 0.04321 25 107 123 233 254 255
-0.00270 0.48852 3 126 127 128 326 329
-0.00825 0.48267 3 125 127 128 326 329
-0.01686 0.50143 3 125 126 128 326 329 339 340
-0.03846 0.50954 125 126 127
0.34779 0.51294 90 91 130 131 132 133
0.31074 0.47157 0 90 91 112 113 129 131 132 133 134 135 258
0.35177 0.52693 90 91 129 130 132 133 187
0.34171 0.52079 90 91 129 130 131 133
0.35673 0.51074 90 91 129 130 131 132
0.36585 0.41150 112 113 130 188 351 352 353 354 355
0.33526 0.45771 112 130
0.55544 0.14957 7 137 341 342
0.60640 0.14111 136
0.08229 -0.29481 139
0.05535 -0.25299 23 138 205 206 228 229
0.15632 -0.24011 95
-0.34475 -0.01347 142 143 144
-0.33613 -0.00581 141 143 144
-0.33782 -0.02250 141 142 144
-0.28881 -0.02503 99 141 142 143 193
-0.03852 0.47576 3 146 147
-0.09244 0.50018 145 147
-0.08762 0.51138 145 146
-0.79928 -0.61259 149 150 269 292
-0.74451 -0.61141 69 72 148 150 269 270 292 293
-0.79078 -0.60195 148 149
0.00072 0.41959 3
0.06782 0.45639 3 15 153
0.05714 0.46010 3 15 152
0.39437 -0.00227 25 107 155 156 157
0.42284 -0.00145 107 154
0.44807 -0.00733 154
0.42142 -0.01585 107 154
-0.26152 0.07107 101
-0.16935 -0.31433 50 160 161 162 321
-0.18542 -0.36333 159 161
-0.17448 -0.36861 159 160 162
-0.16259 -0.36930 159 161
-0.00090 0.44892 3 60 164 165
0.00912 0.45193 3 60 163 165
-0.00278 0.43767 3 60 163 164
-0.31049 -0.32381 167 168 169
-0.32357 -0.32604 166 168 169 204
-0.34192 -0.35197 50 51 66 75 121 166 167 169 204 247 288 289 290 291
-0.26422 -0.29091 41 50 51 52 75 166 167 168 265 266 335 363
0.26541 0.62886 171
0.25018 0.57322 16 17 114 170 324 346
0.29295 0.13619 39 173 174
0.30419 0.14173 39 172 174
0.30386 0.12770 39 172 173 281
0.07890 0.40949 3 4 14 15 44 45 46 176
0.08653 0.41087 3 4 14 15 44 45 46 175
0.08664 -0.17997 94 96 178 179
0.07956 -0.19274 94 177
0.07203 -0.17529 94 177
-0.54979 -0.66552 48 181 182
-0.54160 -0.67329 48 180 182
-0.53688 -0.66242 48 180 181 225
0.62849 -0.16164 184 185 186 308 309
0.58318 -0.13890 105 183 185 186 308 309
0.63609 -0.16728 183 184 186 308 309
0.62559 -0.17623 183 184 185
0.37945 0.55496 90 91 131
0.40865 0.31546 7 112 134
0.62700 0.24005 6 190 191 192
0.62254 0.25124 6 189
0.63756 0.23676 6 189 192
0.63263 0.22697 6 189 191
-0.24689 -0.01281 55 99 109 144 194 195
-0.22225 -0.01441 55 99 109 193
-0.29364 0.00169 193
0.35192 0.02492 25
0.29285 -0.02255 25 250
0.15525 0.42143 4 199 200 201 202 203 257
0.17691 0.44681 198 200 201
0.16429 0.44033 4 16 17 198 199 201 202 203 244 251 252 253 257 297
0.14968 0.42394 4 198 199 200 202 203 257
0.16234 0.45579 198 200 201
0.15497 0.38452 4 198 200 201 244 297
-0.36199 -0.34960 167 168
0.08073 -0.31381 139 206
0.09464 -0.34649 139 205 374 375 376
0.09723 0.64915 18
-0.71588 -0.78407 117
-0.75874 -0.72996 210 211 212 213 214
-0.76433 -0.73696 209 211 212 213 214
-0.78649 -0.75841 209 210 212 213 214 221 222 223 224
-0.75495 -0.73974 209 210 211 213 214
-0.72042 -0.69041 69 118 209 210 211 212 214 302 347 348 349 350
-0.76827 -0.72739 209 210 211 212 213
-0.13642 -0.33136 31 216 217
-0.13462 -0.31950 31 215 217
-0.14729 -0.32346 31 215 216
-0.11925 -0.25178 29 31 32 34
-0.05713 -0.15453 20 22 23 32 220
-0.06625 -0.15586 20 32 219
-0.81518 -0.80250 211 222 223 224
-0.82600 -0.80007 211 221 223 224
-0.83020 -0.78910 211 221 222 224
-0.81930 -0.79123 211 221 222 223
-0.52390 -0.66379 48 182
-0.15559 -0.16804 22 227
-0.14729 -0.17792 22 226
0.03173 -0.19616 23 139
0.06387 -0.30262 139
0.16065 0.13976 4 25 231 232 233 234 235 236 237 238 239 245 256 296
0.05926 -0.01777 20 23 230 232 267
0.05537 -0.01526 20 23 230 231 267
0.25840 0.07116 25 124 230
0.13007 0.24210 4 230
0.16413 0.23747 4 230 236 237 238 239 244 245 246 256
0.14276 0.24497 4 230 235 237
0.13787 0.24150 4 230 235 236
0.20290 0.17746 39 230 235 239 245 256 325
0.19903 0.17386 39 230 235 238 245 256 325
-0.29761 -0.39250 40 41 241 242 243
-0.29294 -0.40552 40 41 240 242 243
-0.30236 -0.40679 40 41 240 241 243
-0.28799 -0.39705 40 41 240 241 242
0.16771 0.32286 200 203 235 245 246 297
0.17814 0.22092 230 235 238 239 244 246 256
0.17559 0.26920 235 244 245
-0.43981 -0.43586 66 121 168
0.07271 0.39080 3 4 15
0.11014 0.39992 0 3 4 15 312 313
0.29151 -0.00906 25 197
0.18694 0.48833 200 252
0.19649 0.48030 200 251
0.14273 0.39515 4 200
0.37744 0.06378 124 255
0.38388 0.05293 124 254
0.17584 0.18958 230 235 238 239 245
0.16702 0.48925 16 17 198 200 201
0.26252 0.43248 0 112 130
0.50527 -0.12159 84 85 87 105
0.17966 0.59400 16 17
0.54174 -0.17173 82 84 85 87 262
0.53357 -0.16871 82 84 85 87 261
0.68282 0.18676 64 264
0.68757 0.17395 64 263 298 299 300 301
-0.27441 -0.26274 51 169 266
-0.28408 -0.25898 51 169 265
0.02279 -0.06810 20 23 231 232
-0.84880 -0.64417 269 270 271
-0.81721 -0.62981 148 149 268 270 271 292 293
-0.80768 -0.63600 149 268 269 293
-0.86780 -0.64390 268 269
0.31840 -0.04384 25
0.07043 0.48997 3 12
-0.32278 -0.38212 41 42 275 276
-0.33212 -0.39243 41 42 274 276
-0.33390 -0.38163 41 42 274 275
0.05758 0.52032 14 278
0.07031 0.52547 14 277
-0.27608 0.09685 101 280 359 360
-0.32152 0.12430 279
0.29852 0.11472 39 174
0.43243 -0.09071 106 283
0.44043 -0.08082 106 282
-0.56574 -0.54701 66 68 74
0.12371 -0.15158 94
-0.03314 -0.08171 20 287
-0.04645 -0.08685 20 286
-0.38329 -0.36396 168 289
-0.36584 -0.33308 168 288 290 291
-0.31873 -0.29632 51 168 289
-0.38824 -0.35181 168 289
-0.79383 -0.62273 148 149 269
-0.79266 -0.63623 149 269 270
0.30514 -0.03558 25 295
0.31367 -0.02507 25 294
0.23578 0.07189 25 230
0.15686 0.37352 4 200 203 244
0.69687 0.16852 64 264 299 300 301
0.68249 0.16152 64 264 298 300
0.69209 0.15738 64 264 298 299
0.69810 0.18140 64 264 298
-0.67562 -0.64278 69 71 118 213 327 328 347 348 349 350 377 378
0.22417 0.88098 37 59 304 356 357 358
0.23148 0.93131 37 303
0.35125 -0.01895 25
-0.16290 -0.26001 31 50
-0.03732 -0.18707 50 94 336
0.63473 -0.14926 183 184 185 309
0.64087 -0.15640 183 184 185 308
-0.21177 0.07191 100
0.36491 0.46089 112 113
0.08745 0.39138 3 4 15 249 313
0.09364 0.39516 3 4 15 249 312
0.34016 0.00519 25 315 316
0.35410 0.00825 25 314 316
0.34963 -0.00409 25 314 315
-0.39970 -0.20657 115 318 319 320
-0.40527 -0.21761 115 317 319 320
-0.39261 -0.21572 115 317 318 320
-0.39888 -0.22678 115 317 318 319
-0.17175 -0.27616 50 159
0.05891 0.43995 3 15 44 323
0.04591 0.42675 3 15 44 322
0.27839 0.62344 171
0.23155 0.15444 39 238 239
-0.03024 0.51874 125 126 127
-0.66332 -0.63902 69 302 328
-0.65749 -0.65078 69 302 327
0.00700 0.47676 3 125 126 127
0.00569 0.63482 331 332 333 334
0.00801 0.62379 330 332 333 334
-0.00264 0.62644 330 331 333 334
0.02958 0.57430 14 330 331 332 334 365 366 367
0.01639 0.63239 330 331 332 333
-0.28150 -0.32361 169
-0.03512 -0.19410 50 94 307
0.09945 -0.13015 94 338
0.11070 -0.13763 94 337
-0.05373 0.55166 127 340
-0.06271 0.54339 127 339
0.53417 0.15703 7 136 342
0.53494 0.14665 7 136 341
0.52056 0.19118 7
0.69339 0.19772 64 345
0.68340 0.20368 64 344
0.29427 0.56371 114 171
-0.68758 -0.65506 69 118 213 302 348 349 350
-0.69305 -0.66049 69 118 213 302 347 349 350
-0.69553 -0.65248 69 118 213 302 347 348 350
-0.68491 -0.66318 69 118 213 302 347 348 349
0.36920 0.42680 112 134 352 353 354 355
0.37536 0.43990 112 134 351 353 354 355
0.37859 0.42488 112 134 351 352 354 355
0.36714 0.43595 112 134 351 352 353 355
0.38049 0.43349 112 134 351 352 353 354
0.22040 0.85395 59 303 357 358
0.21190 0.85141 59 303 356 358
0.22785 0.84902 59 303 356 357
-0.26081 0.08586 101 279 360
-0.25362 0.09408 101 279 359
0.10932 -0.16023 94 96
-0.53438 -0.54997 66
-0.28073 -0.29422 41 51 169
0.19275 0.59109 16 17
0.04372 0.53882 14 333 366 367
0.05151 0.54015 14 333 365 367
0.03807 0.53268 14 333 365 366
-0.11917 -0.32904 31 369
-0.11315 -0.31881 31 368
0.04761 0.45253 3 15
0.45273 -0.06393 106
0.07838 0.38577 3 4 15 373
0.06757 0.37528 3 4 372
0.10855 -0.39988 206 375 376
0.11365 -0.39072 206 374 376
0.12309 -0.39464 206 374 375
-0.68534 -0.62012 69 302 378
-0.69196 -0.62634 69 302 377
