86
0.61816 -0.23218 34 36
0.24013 -0.40854 17 25 31 32 65 75
0.03517 0.22188 6 9 15 29 43 51 56 66 74 79
0.89968 0.13807 52
-0.63244 0.75144 48 59
-0.36188 -0.43131 14 39
0.20516 0.09451 2 35
-0.57378 -0.59363 19 63
0.57614 0.09553 22
0.11216 0.30447 2 66
0.92299 0.09188 45 52
0.07164 -0.23995 32
-0.36207 -0.07527 58
-0.25092 0.89456 50 64
-0.39471 -0.40800 5 39
-0.09655 0.29827 2 29
0.35137 -0.73456 24 30 65
0.24940 -0.53487 1 31 65 75
-0.24219 0.66935 83
-0.52754 -0.50211 7 21 39 55 63 80
-0.43988 -0.34460 39
-0.45425 -0.43190 19 39
0.51128 0.01738 8 35 42
-0.03272 -0.27383 32 53
0.39032 -0.83897 16
0.26104 -0.22387 1 32 35 85
-0.26947 0.41459 29 40 47
-0.34580 0.23561 29 54 73
-0.72891 0.87493 59
-0.22572 0.35424 2 15 26 27 40 47 54 60 61 81 82 83
0.33203 -0.69250 16 65
0.26964 -0.51685 1 17 65 75
0.13282 -0.19679 1 11 23 25 33 35 43 57 76 85
0.11289 -0.28423 32
0.54408 -0.15167 0 35 36 70
0.35798 -0.05632 6 22 25 32 34 41 42 43 67 72 84
0.64654 -0.20983 0 34
-0.62595 0.25798 38 73
-0.62051 0.29628 37 73
-0.34515 -0.33787 5 14 19 20 21 44 53 57
-0.29599 0.43715 26 29 47
0.40827 0.01596 35
0.62183 0.02218 22 35 52 68 71 78
0.16943 0.01766 2 32 35 72 79
-0.28102 -0.19980 39 57 58
0.92160 0.05488 10 52
-0.57747 0.78742 48
-0.31069 0.40122 26 29 40
-0.54565 0.69371 4 46 59 60
0.33091 -0.35981 76
-0.25660 1.00000 13
0.05923 0.29445 2
0.80665 0.06903 3 10 42 45 68 71 78
-0.19063 -0.32443 23 39
-0.24703 0.09696 27 29 57 58
-0.61959 -0.52499 19
0.05746 0.33829 2
-0.16972 -0.14789 32 39 44 54 58
-0.26797 -0.06992 12 44 54 57
-0.65367 0.79657 4 28 48
-0.39420 0.53194 29 48
-0.31489 0.34437 29
-0.76380 -0.62971 80
-0.60508 -0.63224 7 19 77
-0.24395 0.74944 13 83
0.29744 -0.58741 1 16 17 30 31 75
0.11729 0.26636 2 9
0.44131 -0.04296 35
0.72975 0.08720 42 52
0.29572 -0.39489 76
0.65327 -0.16174 34
0.73709 0.05096 42 52 78
0.27273 -0.00760 35 43
-0.51979 0.26107 27 37 38
0.00170 0.29738 2
0.29724 -0.52052 1 17 31 65
0.24044 -0.31356 32 49 69
-0.66560 -0.72505 63
0.74672 0.02135 42 52 71
0.10592 0.12533 2 43
-0.66691 -0.57505 19 62
-0.19875 0.44418 29 82
-0.22491 0.48382 29 81 83
-0.23533 0.56911 18 29 64 82
0.42728 -0.10460 35
0.19978 -0.22712 25 32
