54
-0.79311 0.20290 51 53 6 7 9 10 48 49
-0.19205 0.29157 51 53 8 17 18 20 22 23 30 42 48 50
-0.18375 0.45154 51 53 8 17 18 20 22 23 28 29 39 48 50
-0.59783 -0.46330 51 53 41 42 48 50
0.31230 -0.01468 51 53 8 12 13 14 15 16 17 21 24 25 34 36 37 38 39 48 50
-1.00000 0.13319 53 6 7 9 49 48
-0.93442 0.40022 53 0 5 7 9 49
-0.33449 -0.06600 51 53 0 5 6 10 32 33 35 36 37 38 39 41 49
0.06906 0.14156 51 53 1 2 4 18 23 26 31 34 35 36 37 38 39 40 41 49 11
-0.42099 0.20672 51 53 0 5 6 19 23 26 27 35 42 43 50
-0.32797 0.38413 51 53 0 7 18 23 34 43 50
0.50472 -0.21556 51 53 8 12 13 14 15 16 18 21 23 24 25 26 36 39 41 50
0.62974 -0.31362 51 53 4 11 13 14 15 16 21 24 25 26 50
0.40726 -0.30204 53 4 11 12 16 23 24 25 26 32 35 36 37 38 39 41 50
0.48936 -0.01255 51 53 4 11 12 18 23 26 31 34 35 36 37 38 39 40 41 50
0.90132 0.02626 53 4 11 12 50
0.53901 0.08938 53 4 11 12 13 18 19 30 33 40 43 45 46 50
0.15299 0.73420 53 1 2 4 19 46 50
0.23009 0.23265 53 1 2 8 10 11 14 16 19 23 30 35 40 43 45 46 50 24 25 26
0.29528 0.61592 53 9 16 17 18 46 50 22 23
-0.00162 0.81003 53 1 2 35 38 50
0.85671 -0.17297 53 4 11 12 34 50
0.35857 0.20178 51 53 1 2 19 23 30 33 34 37 38 40 50
0.12710 0.23799 53 1 2 8 9 10 11 13 14 18 22 19 40 45 46 50 24 25 26
-0.02570 -0.31425 51 53 4 11 12 13 18 23 26 27 42 43 50
0.45381 -0.11520 51 53 4 11 12 13 18 23 26 30 34 36 37 38 40 43 50
0.15785 -0.08946 51 53 8 9 11 12 13 14 24 25 18 23 30 34 36 37 38 40 43 50 29
-0.22778 -0.43334 53 9 24 33 50 29 32 34 37 39 41
-0.38702 0.74660 53 2 43 50
-0.51168 -0.06764 51 53 2 26 27 43 50
0.26931 -0.32883 51 53 1 16 18 22 25 26 47 50 37
0.70386 0.49593 53 8 14 50
-0.07388 -0.68752 51 53 7 13 27 44 47 50 36 37
0.22431 -0.57265 51 53 7 16 22 27 45 50
0.35023 0.09184 53 4 8 10 14 21 22 25 26 27 45 46 50 37
0.15342 0.41134 53 7 8 9 13 14 18 20 45 50
0.24356 -0.46414 52 53 4 7 8 11 13 14 25 26 32 41 45 50
0.12055 -0.38788 51 53 4 7 8 13 14 22 25 26 27 30 32 34 40 41 44 45 50
0.41926 0.35596 53 4 7 8 13 14 20 22 25 26 50
-0.00982 -0.14492 51 53 2 4 7 8 11 13 14 27 40 45 46 47 50
0.31232 -0.18463 52 53 8 14 16 18 22 23 25 26 37 39 50 41
0.01770 -0.49400 51 53 3 7 8 11 13 14 36 37 27 40 45 50
-0.74966 -0.23807 52 53 1 3 9 24
-0.22548 0.08409 52 53 9 10 16 18 24 25 26 28 29 47
-0.31728 -0.85082 51 52 53 32 37
0.15390 -0.23569 51 52 53 16 18 23 33 34 35 36 37 39 41
0.01551 0.44400 51 52 53 16 17 18 19 23 34 39
-0.35167 -0.61020 51 52 53 30 32 39 43
-0.70358 0.03240 52 0 1 2 3 4 5
-0.67897 0.33573 52 0 5 6 7 8 50
0.10580 0.04561 52 1 2 3 4 9 10 11 12 13 14 15 16 17 18 19 20 21 22 23 24 25 26 27 28 29 30 31 32 33 34 35 36 37 38 39 40 41 49
-0.11487 -0.17081 0 1 2 3 4 7 8 9 10 11 12 14 22 24 25 26 29 30 32 33 37 39 41 44 45 46 47
-0.38679 -0.27074 36 40 42 43 44 45 46 47 48 49 50
-0.02450 0.01796 0 1 2 3 4 5 6 7 8 9 10 11 12 13 14 15 16 17 18 19 20 21 22 23 24 25 26 27 28 29 30 31 32 33 34 35 36 37 38 39 40 41 42 43 44 45 46 47
