143
0.03001 -0.28238 16 71
0.23884 -0.31098 2 18 19 26 28 30 47 64 66 68 70 131 135
0.33585 -0.30286 1 3 18 19 27 30 64 66 68 70 131 135
0.33807 -0.34581 2 18 19 26 28 30 53 68 70 131 135
0.38739 -0.02986 21 71
0.04249 0.09532 8 12 15 25 46 48 63 65 104
-0.29893 0.03740 10 11 23 73 74
-0.49256 -0.05630 111 123
-0.06128 0.11971 5 12 46 48 50 55 65 73 74 77 90 138
-0.05388 -0.20369 16 20 36 52 69 71 121 123
-0.24503 0.00028 6 11 16 31 36 73 123 136
-0.23622 0.08731 6 10 31 36 73 74
-0.03883 0.10408 5 8 25 31 46 48 55 65 74 104 138
0.22967 -0.03835 15 21 25 49 63 67 71 72 131
0.65130 0.52138 84
0.09862 -0.03591 5 13 25 46 49 63 72 104 106 121
-0.16205 -0.12148 0 9 10 20 23 24 31 35 36 38 39 40 42 47 54 57 59 60 69 75 81 94 100 103 104 114 120 121 123 127
0.21208 -0.31255 18 19 26 28 30 47 64 66 68 131
0.26191 -0.33386 1 2 3 17 19 26 27 28 30 47 53 66 68 70 131 135
0.29820 -0.29933 1 2 3 17 18 26 27 28 30 53 64 66 68 70 106 131 135
-0.12837 -0.25638 9 16 69 82 104 123
0.21166 0.03537 4 13 30 37 47 49 63 67 71 90 104 110 125 139
-0.10654 0.34861 32 86 90 110 119
-0.30789 -0.16307 6 16 24 38 57 59 121 123
-0.38440 -0.19727 16 23 54 59
0.06219 0.05178 5 12 13 15 46 50 63 73 90 104 138
0.23336 -0.36319 1 3 17 18 19 30 47 68 70 135
0.33069 -0.25717 2 18 19 30 64 66 68 122 131 135
0.29468 -0.36858 1 3 17 18 19 53 66 68 70 131 135
0.32755 -0.02466 37 43 64 122
0.26712 -0.20080 1 2 3 17 18 19 21 26 27 47 49 64 66 68 71 131 133 135
-0.11160 0.06644 10 11 12 16 36 39 42 48 54 55 65 73 74 102 123 136 140
-0.25872 0.49591 22 33 119
-0.36577 0.59601 32 80 119
0.07076 -0.15839 42 49 52 75 76 104 106 118 122 124
-0.23546 -0.29622 16 36 38 57 59 88
-0.12100 -0.07098 9 10 11 16 31 35 39 55 71 73 99 104 114 136
0.25282 0.12548 21 29 90
-0.22089 -0.23723 16 23 35 39 40 47 57 59 69
-0.25971 -0.08537 16 31 36 38 59
-0.29978 -0.10876 16 38 58 59 103 114 120 121
-0.60159 1.00000 80
-0.06417 -0.08637 16 31 34 51 52 60 76 89 90 94 98 99 100 102 104 108 116 121 141
0.13357 0.01129 29 76 77 104
0.22674 0.00063 67 104 117 118
-0.40917 -0.09134 94 99 107
-0.01097 0.02221 5 8 12 15 25 48 50 55 65 66 76 89 104 130 136 138
0.04465 -0.19954 1 16 17 18 21 26 30 38 57 59 68 71 73 89 90 98 100 120 131 135
-0.06702 0.16493 5 8 12 31 46 50 55 65 74 138
0.17809 -0.09609 13 15 21 30 34 52 63 64 67 71 104 106 117 122 141 142
0.00459 0.13056 8 25 46 48 65 74 93 111 129 131 138
0.09574 0.05171 42 104
0.10715 -0.14945 9 34 42 49 56 62 63 76 104 117 118 122 124 141
0.36615 -0.41449 3 18 19 28 68 70 135
-0.32953 -0.08566 16 24 31 59
-0.10392 0.02891 8 12 31 36 46 48 65 73 74 89 94 104 121 136
-0.08176 -0.11878 52 73 94 101 104 116 120
-0.19674 -0.22764 16 23 35 38 47 59 69 103 114
-0.34330 0.10979 40 74 136
-0.24656 -0.18436 16 23 24 35 38 39 40 47 54 57 103 114 120 123
-0.14100 -0.05905 16 42 94 100 104 120
-0.45412 0.03588 94 111
0.39170 -0.21697 52
0.12904 -0.03945 5 13 15 21 25 49 52 72 73 104 131 141 142
0.28522 -0.20057 1 2 17 19 27 29 30 49 66 72 117 122 124 131 135
-0.09582 0.13120 5 8 12 31 46 48 50 55 94 130 138
0.22297 -0.24188 1 2 17 18 19 27 28 30 46 64 68 70 117 124 131 135
0.20338 -0.00995 13 21 44 49 71 90 104 122 124 133 142
0.26686 -0.30988 1 2 3 17 18 19 26 27 28 30 47 53 66 70 71 135
-0.20225 -0.29928 9 16 20 38 57 78 123
0.32424 -0.39114 1 2 3 18 19 26 28 53 66 68 135
0.19080 -0.12134 0 4 9 13 21 30 36 47 49 67 68 104 131 133 134 135 142
0.27422 -0.10576 13 15 63 64 122 124 131 142
-0.10357 -0.01508 6 8 10 11 25 31 36 47 55 56 63 74 93 104 107 113 131 136
-0.16020 0.12629 6 8 11 12 31 48 50 55 58 73 94 96 130 136 138
-0.11875 -0.21991 16 34 88 99 104 114
-0.03801 -0.09802 34 42 43 46 52 81 98 99 100 104 108 141
-0.03417 0.01776 8 43 90 104 110 117 123
-0.27918 -0.26926 69 89 101 120
-0.59038 0.15046 111
-0.50562 0.83504 33 41
-0.15172 0.09898 16 76 90 94 114 115 119
-0.09281 -0.26521 20 89 103 104 121
0.36973 0.54554 85 126 129 140
0.45600 0.39849 14 85 112 125 128 129 132 133 140
0.43212 0.48437 83 84 112 128 129 140
-0.05467 0.41691 22 110 115
-0.43839 0.08768 94 111
-0.23055 -0.44242 35 75
-0.10180 -0.17381 42 46 47 55 78 82 98 100 108
0.01025 0.08000 8 21 22 25 37 42 47 67 77 81 104 106 110 115 119 121 127 141
0.30885 0.64873 140
-0.34320 -0.33733 99 108
-0.22026 0.05019 50 73 101 111 120
-0.19184 -0.03372 16 42 45 55 56 60 61 65 74 81 87 99 100 101 104 107 108 111 116 117 121 123 141
0.21384 0.33920 125 127
-0.05434 0.21365 74 104
0.42422 0.63111 129
-0.14968 -0.22686 42 47 76 89 100 103 108 109 123
-0.22882 -0.15566 36 42 45 75 76 92 94 108 114 116 123
-0.06849 -0.14992 16 42 47 60 76 89 94 98 102 104 108 117
-0.21055 -0.09305 56 78 93 94 104 113 116 120 121
-0.16925 -0.08734 31 42 100 108 116
-0.26539 -0.23584 16 40 57 59 82 98 109 120 123
0.01492 -0.04814 5 12 15 16 20 21 25 34 36 42 43 44 46 49 51 52 55 56 60 63 67 71 73 75 76 77 82 90 94 96 100 101 106 110 116 117 118 121 122 124 138 141
-0.19001 0.25079 110 114 115 119
0.14516 -0.12371 15 19 34 49 90 104 117 118 124
-0.35421 0.00393 45 73 94 111
-0.18369 -0.19493 42 76 89 92 94 98 99 100 102
-0.32562 -0.25769 98 103 121 123 137
0.00402 0.20476 21 22 77 86 90 104 105
-0.34789 0.06129 7 50 61 79 87 93 94 107 123
0.56681 0.54494 84 85
-0.32582 -0.04360 73 101 120
-0.21855 -0.00412 16 36 40 57 59 75 81 99 105 119
-0.09802 0.28836 81 86 90 105
-0.14021 -0.14443 42 56 94 99 101 102 104
0.09858 -0.10613 44 49 52 64 66 77 94 100 104 106 118 122 124 141 142
0.16830 -0.07606 34 44 52 104 106 117 122 142
-0.21590 0.30286 22 32 33 81 90 105 114
-0.21033 -0.12494 16 40 47 56 59 60 78 93 101 103 113 136
-0.12173 -0.10869 9 15 16 23 40 42 55 82 90 94 101 104 109 141
0.22533 -0.12787 27 29 34 49 52 64 67 72 104 117 118 124 142
-0.26012 -0.13192 7 9 10 16 20 23 31 59 69 77 94 98 99 103 109 111 137
0.18580 -0.15414 34 52 64 66 67 72 104 106 117 122
0.34480 0.29373 21 84 95 128 129
0.32502 0.56931 83 129 140
0.04778 0.16530 16 90 95
0.40665 0.34881 84 85 125 129 133 140
0.30596 0.41745 50 83 84 85 97 125 126 128 140
-0.16237 0.19425 46 65 74 136
0.19417 -0.18975 1 2 3 13 17 18 19 27 28 30 47 50 63 64 66 71 72 73 135
0.44295 0.53482 84 140
0.37078 0.09414 30 67 71 84 128 134 139
0.44549 -0.03753 71 133
0.26851 -0.28656 1 2 3 18 19 26 27 28 30 47 53 64 66 68 70 71 131
-0.18824 0.05821 10 31 36 46 55 58 73 74 120 130
-0.46280 -0.28419 109 123
-0.02300 0.14520 8 12 25 46 48 50 65 74 104
0.44830 0.11803 21 133
0.26034 0.41439 31 83 84 85 91 126 128 129 132
0.03527 -0.07312 42 49 52 63 76 90 94 104 117 121 142
0.22665 -0.07577 49 63 67 71 72 117 118 122 141
