101
0.14562 -0.46395 1 2 3 4 5 6 7 8 9 10 20 30 40 50 60 70 80 90 100
0.13212 0.05464 0 11
0.67708 -0.54446 0 22
0.65469 -0.26474 0 33
0.42868 0.06008 0 44
-0.40891 -0.23013 0 55
-0.43873 -0.55343 0 66
0.64322 -0.72087 0 77
-0.29568 -0.83163 0 88
-0.07457 -0.96622 0 99
-0.16731 -0.05410 0 11
-0.16872 0.48366 1 10 12 13 14 15 16 17 18 19 21 31 41 51 61 71 81 91 100
0.35178 0.58391 11 22
0.30869 0.80651 11 33
-0.10548 0.99479 11 44
-0.62950 0.77402 11 55
-0.74220 0.44151 11 66
0.30948 0.27499 11 77
-0.67076 0.15300 11 88
-0.51845 0.05402 11 99
0.73604 -0.46978 0 22
0.43331 0.54044 11 22
0.49918 -0.01522 2 12 20 21 23 24 25 26 27 28 29 32 42 52 62 72 82 92 100
0.96272 0.22426 22 33
0.70979 0.48430 22 44
0.19064 0.44981 22 55
-0.01102 -0.23556 22 66
0.96760 -0.21669 22 77
0.15442 -0.37760 22 88
0.42879 -0.51962 22 99
0.67188 -0.17378 0 33
0.21873 0.83628 11 33
0.92610 0.33378 22 33
0.42077 0.26540 3 13 23 30 31 32 34 35 36 37 38 39 43 53 63 73 83 93 100
0.51016 0.82813 33 44
0.05869 0.70054 33 55
-0.13341 0.38882 33 66
0.89434 -0.02825 33 77
0.11702 -0.09740 33 88
0.37141 -0.32094 33 99
0.33811 0.02029 0 44
0.01173 1.00000 11 44
0.64688 0.55499 22 44
0.60351 0.76293 33 44
0.10866 0.49367 4 14 24 34 40 41 42 43 45 46 47 48 49 54 64 74 84 94 100
-0.24933 0.86131 44 55
-0.48154 0.51499 44 66
0.64856 0.22057 44 77
-0.41922 0.23055 44 88
-0.12837 0.08599 44 99
-0.30216 -0.20220 0 55
-0.53601 0.84450 11 55
0.10660 0.37934 22 55
-0.03141 0.68242 33 55
-0.34108 0.83102 44 55
-0.39233 0.31792 5 15 25 35 45 50 51 52 53 54 56 57 58 59 65 75 85 95 100
-0.91433 0.33501 55 66
0.14113 0.20822 55 77
-0.84554 0.03027 55 88
-0.68459 -0.14691 55 99
-0.36407 -0.61253 0 66
-0.69135 0.52267 11 66
-0.02607 -0.13160 22 66
-0.10355 0.29943 33 66
-0.40037 0.55621 44 66
-0.94705 0.22575 55 66
-0.49664 -0.04848 6 16 26 36 46 56 60 61 62 63 64 65 67 68 69 76 86 96 100
-0.08664 -0.47850 66 77
-0.92800 -0.31332 66 88
-0.68362 -0.57554 66 99
0.55234 -0.78849 0 77
0.38270 0.36433 11 77
0.93350 -0.32975 22 77
0.88416 0.06651 33 77
0.63222 0.31177 44 77
0.05038 0.16039 55 77
-0.10697 -0.36410 66 77
0.42492 -0.24132 7 17 27 37 47 57 67 70 71 72 73 74 75 76 78 79 87 97 100
-0.00255 -0.67444 77 88
0.31999 -0.77604 77 99
-0.20211 -0.85016 0 88
-0.63155 0.23510 11 88
0.20761 -0.51279 22 88
0.15767 -0.18941 33 88
-0.31113 0.22992 44 88
-0.85203 -0.06473 55 88
-0.88934 -0.42219 66 88
0.08755 -0.68799 77 88
-0.36898 -0.32583 8 18 28 38 48 58 68 78 80 81 82 83 84 85 86 87 89 98 100
-0.51786 -0.84163 88 99
0.03934 -0.96638 0 99
-0.40563 0.02231 11 99
0.36953 -0.59066 22 99
0.31532 -0.21967 33 99
-0.23213 0.08355 44 99
-0.64772 -0.23009 55 99
-0.73238 -0.49404 66 99
0.23046 -0.80657 77 99
-0.61461 -0.77336 88 99
-0.17976 -0.45265 9 19 29 39 49 59 69 79 89 90 91 92 93 94 95 96 97 98 100
-0.00304 0.01093 0 11 22 33 44 55 66 77 88 99
