30
0.18975 0.12520 1 2 4 5 6 10 12 13 14 15 16 18 19 21 22 24 25 27
0.67107 0.23690 0 2 5 7 17 22 24 25 26
0.20216 -0.43730 0 1 6 9 10 11 14 17 24 25 26 27 28 29
-0.66399 0.37325 4 6 9 10 11 12 13 18 19 22 23
0.05973 -0.01555 0 3 7 8 10 11 14 18 19 20 21 23 24 25 26 27
-0.12402 0.78823 0 1 12 13 15 18 19 21 22
-0.40275 0.11135 0 2 3 8 12 13 15 16 18 19 21 23 24 25 29
0.27677 1.00000 1 4 12 15 21 22
0.03184 -0.23788 4 6 10 13 14 15 16 18 19 22 23 24 25 27 28
-0.80972 -0.27939 2 3 12 15 17 21 23 24 29
-0.52896 -0.44122 0 2 3 4 8 13 16 18 21 24 29
0.09370 0.52984 2 3 4 12 13 16 18 19 22 27 28
-0.18017 0.38837 0 3 5 6 7 9 11 18 19 21 22 23 24 25 27 28 29
-0.29679 -0.30171 0 3 5 6 8 10 11 17 18 20 24 26
0.84327 -0.51568 0 2 4 8 20 26 27 28
-0.37173 0.53030 0 5 6 7 8 9 16 19 21 23 24 28
0.24997 -0.12794 0 6 8 10 11 15 19 21 22 25 26 27 29
-0.17382 -0.92430 1 2 9 13 18 20
-0.46715 -0.06361 0 3 4 5 6 8 10 11 12 13 17 19 20 21 24
0.12660 0.33426 0 3 4 5 6 8 11 12 15 16 18 21 22 24 25 26 27 28
0.13031 -0.67519 4 13 14 17 18 22 23 25 26
-0.14889 0.17687 0 4 5 6 7 9 10 12 15 16 18 19 22 23 24 25 26 28 29
0.36051 0.51290 0 1 3 5 7 8 11 12 16 19 20 21 25
-0.78243 0.02703 3 4 6 8 9 12 15 20 21 24
-0.21221 -0.08968 0 1 2 4 6 8 9 10 12 13 15 18 19 21 23 27 29
0.50429 -0.12181 0 1 2 4 6 8 12 16 19 20 21 22 26 27 28
0.56257 -0.48997 1 2 4 13 14 16 19 20 21 25
0.70759 0.00064 0 2 4 8 11 12 14 16 19 24 25 28
0.46265 0.15618 2 8 11 12 14 15 19 21 25 27 29
-0.31015 -0.57008 2 6 9 10 12 16 21 24 28
