77
-0.13996 0.68709 1 2 3 4 5 6 7 8 9 11
-0.20581 0.96236 0
-0.11354 0.45443 0 3 11
-0.05855 0.46686 0 2 11
-0.09934 0.96354 0
-0.33658 0.83608 0
-0.03261 0.90927 0
-0.14222 0.90464 0
-0.30082 0.91542 0
-0.23711 0.88082 0
-0.14868 0.32311 11
-0.00014 0.10599 0 2 3 10 12 13 14 15 23 24 25 26 27 28 29 31 32 33 34 35 36 37 38 43 44 48 49 51 55 58 64 68 69 70 71 72
0.27875 0.11487 11 23
-0.06987 0.34525 11
-0.26925 0.21000 11
-0.19664 0.24178 11
0.30787 -0.16248 17 18 19 20 21 22 23 26 55
0.46682 -0.18351 16 18 19 20 21 22 23
0.51152 -0.10179 16 17 19 20 21 22 23
0.53744 -0.13992 16 17 18 20 21 22 23
0.47950 -0.13564 16 17 18 19 21 22 23
0.52664 -0.18385 16 17 18 19 20 22 23
0.49361 -0.21715 16 17 18 19 20 21 23
0.31633 -0.05764 11 12 16 17 18 19 20 21 22 24 25 27 29 30 31
0.08214 -0.09357 11 23 25 26 27 41 42 50 68 69 70
0.05735 -0.19229 11 23 24 26 27 39 40 41 42 48 55 68 69 70 71 75
-0.03310 -0.05765 11 16 24 25 27 43 49 51 54 55 72
0.09705 -0.04228 11 23 24 25 26 28 29 31 33 43 48 58 68 69 70 71 72
0.27517 0.20764 11 27 44 45
0.15623 0.18290 11 23 27 34 35 36 37 38
0.49188 0.06153 23 31
0.27890 0.04635 11 23 27 30
-0.22830 0.30397 11
0.16634 0.10077 11 27
0.08542 0.34183 11 29 35 36 37 38
0.15313 0.29660 11 29 34 36 37 38
0.13569 0.34115 11 29 34 35 37 38
0.10214 0.27886 11 29 34 35 36 38
0.05603 0.30072 11 29 34 35 36 37
-0.26554 -0.20780 25 52 55
0.24351 -0.42963 25
0.00184 -0.26848 24 25 42 55 57 62 68 69 70 71 75
0.17170 -0.28959 24 25 41
-0.05504 0.06934 11 26 27
0.23918 0.30014 11 28
0.50233 0.37776 28
-0.09114 -1.00000 47
-0.07042 -0.74024 46 48
-0.03468 -0.34583 11 25 27 47 55 57 58 59 60 61 62 63 64 65 66 68 69 71 73 74 75 76
-0.20026 -0.04306 11 26 50 51 54 55 56
-0.13917 0.01513 24 49
-0.28679 -0.03061 11 26 49 52 53 54 55
-0.48056 -0.13916 39 51
-0.57063 0.01396 51
-0.24974 -0.10237 26 49 51 55
-0.11161 -0.20964 11 16 25 26 39 41 48 49 51 54 56 57 58 59 61 62 63 64 65
-0.35764 -0.16284 49 55
-0.21869 -0.40435 41 48 55 58 59 61 62 63 64 65 67
-0.09179 -0.27642 11 27 48 55 57 59 60 61 62 63 64 65 66 70 76
-0.20423 -0.36367 48 55 57 58 60 61 62 63 64 65 66
-0.14188 -0.47121 48 58 59 61 62 63 64 65 66
-0.13485 -0.41429 48 55 57 58 59 60 62 63 64 65 66
-0.10317 -0.39105 41 48 55 57 58 59 60 61 63 64 65 66 76
-0.17579 -0.41213 48 55 57 58 59 60 61 62 64 65 66 76
-0.13640 -0.29880 11 48 55 57 58 59 60 61 62 63 65 66 76
-0.15884 -0.37975 48 55 57 58 59 60 61 62 63 64 66 76
-0.18284 -0.46363 48 58 59 60 61 62 63 64 65 76
-0.41994 -0.61608 57
0.01106 -0.16028 11 24 25 27 41 48 69 70 71 75
0.04930 -0.14441 11 24 25 27 41 48 68 70 71 75
0.00354 -0.12292 11 24 25 27 41 58 68 69 71 75
0.08876 -0.16091 11 25 27 41 48 68 69 70 75
0.06126 0.06615 11 26 27
0.00302 -0.63978 48 74
0.07284 -0.62322 48 73
0.08077 -0.27392 25 41 48 68 69 70 71
-0.09088 -0.47245 48 58 62 63 64 65 66
