105
-0.32100 0.24169 1 2 3 4 5 6
-0.37717 0.36737 0 3 5 6
-0.34294 0.06570 0 4 5 7
-0.14437 0.49341 0 1 5 8 9 10 11 12 13 14 15 16 17 18 19 20 21 22 23 24 25 26 27
-0.15800 -0.01401 0 2 5 6 28 29 30 31
-0.27175 0.19547 0 1 2 3 4 6 7
-0.21962 0.32644 0 1 4 5 7 10 12 18 22 25 29
-0.13968 -0.05105 2 5 6 14 30 58 71 85
0.01036 0.58126 3 9 10 11 12 13 14 20 21 22 23 24 26 27 32 33 35 37 40 41 42 43 44 45 46
-0.00915 0.34094 3 8 11 12 14 20 24 27 41 45 47 48 49 50 51 52
-0.13105 0.65968 3 6 8 11 12 15 16 19 21 33 35 37 38 39 55
-0.04319 0.47490 3 8 9 10 12 13 14 17 20 21 22 26 27 29 45 47 50 56
-0.03935 0.60463 3 6 8 9 10 11 13 14 15 17 18 23 24 32 33 36 38 39 40 41 44 46 47 54 55
-0.03199 0.56779 3 8 11 12 17 29 32 40 42 43 44 47 57
-0.08709 0.29807 3 7 8 9 11 12 25 26 58
-0.25762 0.71575 3 10 12 16 55
-0.33238 0.73815 3 10 15
-0.08518 0.65647 3 11 12 13 47
-0.30278 0.54317 3 6 12
-0.15801 0.33460 3 10 55 56 77
0.05866 0.33790 3 8 9 11 24 40 48 49 53 57
-0.17100 0.66856 3 8 10 11 23
-0.11745 0.40027 3 6 8 11 25 40 52
-0.00810 0.69438 3 8 12 21 27 32 33 47 54
0.08203 0.46011 3 8 9 12 20 26 40 47 53
-0.19924 0.46094 3 6 14 22 40
0.04988 0.43813 3 8 11 14 24 40 45 47 53
0.08832 0.56313 3 8 9 11 23 40 41 47 54
-0.07128 -0.30880 4 66 72
-0.14728 0.29102 4 6 11 13
0.01690 -0.39798 4 7 31 58 66 67 70 73 74 75 76 77 79 80 82 83 84 86 93 99
0.02780 -0.33904 4 30 49 73 74 75 76 77 78 82 91
-0.10611 0.77340 8 12 13 23 33
-0.03685 0.79005 8 10 12 23 32 37 38 39 47
0.06405 1.00000 35 36 37 38 39
0.04641 0.81259 8 10 34 36 37 38 39 40 43 44
0.14507 0.82755 12 34 35 41 47
0.02575 0.85501 8 10 33 34 35 38 47
-0.05808 0.89615 10 12 33 34 35 37 39
-0.01484 0.83419 10 12 33 34 35 38 40 42
0.05113 0.55958 8 12 13 20 22 24 25 26 27 35 39 41 42 44 45 47 53 54
0.14824 0.61974 8 9 12 27 36 40 47 54
0.06869 0.74455 8 13 39 40 43 47
-0.04274 0.73965 8 13 35 42 56
0.10907 0.71746 8 12 13 35 40
0.14675 0.50601 8 9 11 26 40 47
0.20861 0.33505 8 12 47 102
0.07806 0.61477 9 11 12 13 17 23 24 26 27 33 36 37 40 41 42 45 46 54
0.10373 0.17474 9 20 49 57
0.04393 -0.02677 9 20 31 48 57 58 72 76
-0.09044 0.18484 9 11 58
-0.24768 -0.03036 9 52 58 64 65 69
-0.16548 0.08390 9 22 51 58 64
0.13586 0.20714 20 24 26 40 76
0.16841 0.69738 12 23 27 40 41 47
-0.26644 0.61066 10 12 15 19
-0.09594 0.51005 11 19 43 57
0.04009 0.28529 13 20 48 49 56
-0.16061 -0.10783 7 14 30 49 50 51 52 64 65 68 69 77 85
0.44201 -0.88845 60 61 62 63 99
0.34900 -0.81199 59 62 63 84 86 99
0.50715 -0.69668 59 86 95 101
0.30868 -0.86206 59 60 63 84 99 100
0.37422 -0.96469 59 60 62 99
-0.21028 -0.26811 51 52 58 65 66 67 68 69 70
-0.31338 -0.25413 51 58 64 67 68 69 85
0.04494 -0.52876 28 30 64 67 70 72 73 74 76 80 84 85 86 88 89 90 93 96 97 99 100
-0.29479 -0.47230 30 64 65 66 103 104
-0.26015 -0.33139 58 64 65 71
-0.39880 -0.23593 51 58 64 65 104
-0.11025 -0.49843 30 64 66 71 72 75 90
-0.01598 -0.42764 7 68 70 72 73 74 75 76 77 78 79 80 81 82 83
0.02800 -0.49503 28 49 66 70 71 73 74 75 76 78 79 80 82 84 85 86 87 88 89 90 91 92
0.17480 -0.54906 30 31 66 71 72 74 75 82 83 84 86 89 92 93 94 95 96 97 98 99 100
0.07890 -0.58275 30 31 66 71 72 73 75 78 79 82 84 87 88 91 98 99
0.04703 -0.46672 30 31 70 71 72 73 74 76 77 78 79 82 83 84 91 92
0.11326 -0.30587 30 31 49 53 66 71 72 75 77 82 83 84 86
-0.02804 -0.16600 19 30 31 58 71 75 76
-0.06115 -0.53224 31 71 72 74 75
0.03415 -0.59154 30 71 72 74 75 84 91 100
-0.11945 -0.57346 30 66 71 72
0.15576 -0.70933 71 84 86 97
0.12844 -0.44610 30 31 71 72 73 74 75 76 84
0.12896 -0.52456 30 71 73 75 76 84 87 100
0.18772 -0.60702 30 60 62 66 72 73 74 75 76 79 81 82 83 86 87 88 89 94 96 97 99 100 101
-0.13800 -0.31456 7 58 65 66 72
0.24253 -0.58279 30 60 61 66 72 73 76 81 84 89 93 97 100 101
0.08695 -0.73732 72 74 83 84 98
0.03316 -0.72587 66 72 74 84 89
0.11898 -0.67399 66 72 73 84 86 88
-0.02772 -0.71040 66 70 72 91 99
0.04346 -0.63937 31 72 74 75 79 90 98 100
-0.04511 -0.65898 72 73 75
0.26284 -0.45489 30 66 73 86 94 99 102
0.37939 -0.48050 73 84 93 95 96 101 102
0.46596 -0.46111 61 73 94 102
0.30994 -0.61307 66 73 84 94 97 100
0.27320 -0.68287 66 73 81 84 86 96
0.12980 -0.79928 73 74 87 91 100
0.22180 -0.71452 30 59 60 62 63 66 73 74 84 90 93 100
0.21040 -0.68132 62 66 73 79 83 84 86 91 96 98 99 101
0.40373 -0.66482 61 84 86 94 100
0.36985 -0.16661 46 93 94 95
-0.56111 -0.60578 67 104
-0.53665 -0.46557 67 69 103
