135
-0.36642 0.10592 6 13 49 4 5 7 11 12 14
-0.62055 -0.29823 3 10 72 134
0.07947 0.01438 5 7 8 9 21 23 24 25 36 38 39 40 59 61 62 63 82 84 85 86 105 107 108 109 120 122 123 124 132 4 6 20 22 35 37 58 60 81 83 104 106 119 121
-0.34959 -0.09263 1 4 5 6 7
-0.21653 0.00922 3 0 2 5 6 7
-0.19473 0.03325 2 3 4 0 6 7 8
-0.19200 -0.01244 0 3 4 5 2 7 9
-0.17626 0.01186 2 3 4 5 6 0 8 9
-0.08413 0.03844 2 5 7
-0.08433 -0.00970 2 6 7
-0.58322 -0.14261 1 11 12 13 14
-0.54789 0.01115 10 0 12 13 14
-0.56227 -0.03431 10 11 0 13 14 15
-0.51133 -0.04371 0 10 11 12 14 16
-0.53616 -0.06969 10 11 12 13 0 15 16
-0.61107 -0.18942 12 14
-0.51771 -0.19588 13 14
-0.38681 0.19921 22 29 65 20 21 23 27 28 30
-0.28255 0.58197 19 26 42 133
-0.21349 0.32661 18 20 21 22 23
-0.18106 0.18122 19 2 17 21 22 23
-0.14904 0.19888 2 19 20 17 22 23 24
-0.16412 0.15874 17 19 20 21 2 23 25
-0.13897 0.17513 2 19 20 21 22 17 24 25
-0.04010 0.16684 2 21 23
-0.05834 0.12468 2 22 23
-0.49528 0.47582 18 27 28 29 30
-0.51091 0.35397 26 17 28 29 30
-0.56657 0.34947 26 27 17 29 30 31
-0.54457 0.38793 17 26 27 28 30 32
-0.58173 0.38215 26 27 28 29 17 31 32
-0.70810 0.41764 28 30
-0.67455 0.47605 29 30
0.21573 0.48071 37 45 88 35 36 38 43 44 46
0.19783 0.37306 35 36 37 38
0.16702 0.29790 34 2 33 36 37 38
0.18557 0.27118 2 34 35 33 37 38 39
0.13215 0.28898 33 34 35 36 2 38 40
0.15268 0.26624 2 34 35 36 37 33 39 40
0.15234 0.18268 2 36 38
0.09812 0.20035 2 37 38
-0.03019 0.75276 44 52 43 45 46 50 51 53
-0.01806 0.69303 18 43 44 45 46
0.09921 0.66814 42 33 41 44 45 46
0.10418 0.71266 41 42 43 33 45 46 47
0.13426 0.70233 33 42 43 44 41 46 48
0.13014 0.73488 42 43 44 45 33 41 47 48
0.14285 0.86660 44 46
0.20052 0.84513 45 46
-0.25469 0.54126 0 50 51 52 53
-0.19777 0.71348 49 41 51 52 53
-0.16348 0.72926 49 50 41 52 53 54
-0.20093 0.76176 41 49 50 51 53 55
-0.17038 0.76800 49 50 51 52 41 54 55
-0.11262 0.83184 51 53
-0.14733 0.88908 52 53
-0.13844 -0.36410 60 68 95 118 125 58 59 61 66 67 69
-0.14218 -0.19318 58 59 60 61
-0.06430 -0.20718 57 2 56 59 60 61
-0.03103 -0.20240 2 57 58 56 60 61 62
-0.07001 -0.17167 56 57 58 59 2 61 63
-0.03975 -0.17330 2 57 58 59 60 56 62 63
0.03279 -0.12417 2 59 61
-0.01141 -0.09397 2 60 61
-0.62770 -0.51639 67 75 66 68 69 73 74 76
-0.44541 -0.19762 17 66 67 68 69
-0.40168 -0.39882 65 56 64 67 68 69
-0.42390 -0.42108 64 65 66 56 68 69 70
-0.43783 -0.38255 56 65 66 67 64 69 71
-0.45412 -0.40331 65 66 67 68 56 64 70 71
-0.55884 -0.47096 67 69
-0.59352 -0.40464 68 69
-0.78062 -0.51491 1 73 74 75 76
-0.77159 -0.60372 72 64 74 75 76
-0.79726 -0.64141 72 73 64 75 76 77
-0.83121 -0.59362 64 72 73 74 76 78
-0.83616 -0.63080 72 73 74 75 64 77 78
-0.91437 -0.73358 74 76
-0.96063 -0.66889 75 76
0.52414 0.08180 83 91 103 110 81 82 84 89 90 92
0.39965 0.15412 81 82 83 84
0.34530 0.08975 80 2 79 82 83 84
0.31935 0.11667 2 80 81 79 83 84 85
0.32440 0.06532 79 80 81 82 2 84 86
0.30564 0.09028 2 80 81 82 83 79 85 86
0.22192 0.10906 2 82 84
0.22566 0.05415 2 83 84
0.63507 -0.11351 90 98 89 91 92 96 97 99
0.53765 0.25528 33 89 90 91 92
0.63011 0.08792 88 79 87 90 91 92
0.67267 0.09789 87 88 89 79 91 92 93
0.66092 0.11808 79 88 89 90 87 92 94
0.69196 0.12223 88 89 90 91 79 87 93 94
0.80096 0.19818 90 92
0.81804 0.16117 91 92
0.34090 -0.35651 56 96 97 98 99
0.53985 -0.28989 95 87 97 98 99
0.58428 -0.31005 95 96 87 98 99 100
0.55969 -0.33607 87 95 96 97 99 101
0.59357 -0.34436 95 96 97 98 87 100 101
0.70734 -0.40793 97 99
0.66364 -0.45406 98 99
0.60831 -0.05504 106 113 104 105 107 111 112 114
0.46579 -0.02247 79 104 105 106 107
0.38706 -0.03316 103 2 102 105 106 107
0.36552 -0.06366 2 103 104 102 106 107 108
0.36499 -0.01338 102 103 104 105 2 107 109
0.34894 -0.04150 2 103 104 105 106 102 108 109
0.25316 -0.07127 2 105 107
0.25313 -0.02372 2 106 107
0.76572 -0.00352 79 111 112 113 114
0.79414 -0.07219 110 102 112 113 114
0.84331 -0.03738 110 111 102 113 114 115
0.83657 -0.09364 102 110 111 112 114 116
0.86634 -0.06722 110 111 112 113 102 115 116
1.00000 -0.04402 112 114
0.99053 -0.11872 113 114
0.07752 -0.49538 121 128 119 120 122 126 127 129
0.02465 -0.35910 56 119 120 121 122
0.06468 -0.28483 118 2 117 120 121 122
0.10061 -0.28109 2 118 119 117 121 122 123
0.08023 -0.25896 117 118 119 120 2 122 124
0.11107 -0.25735 2 118 119 120 121 117 123 124
0.10995 -0.16987 2 120 122
0.14394 -0.16459 2 121 122
-0.02416 -0.61710 56 126 127 128 129
0.05828 -0.66067 125 117 127 128 129
0.02972 -0.70679 125 126 117 128 129 130
0.08485 -0.70133 117 125 126 127 129 131
0.05925 -0.73019 125 126 127 128 117 130 131
0.03363 -0.85801 127 129
0.10821 -0.85079 128 129
0.08386 0.11186 2
-0.39848 0.74106 18
-0.74114 -0.43648 1
