39
0.39822 -0.48880 6 7 10 11 12 21 22 33 34 36 38
0.08566 -0.36432 6 7 8 10 11 12 21 22 34 35 38
-0.06994 0.81006 13 14 15 16 17 35 38
0.69780 0.07520 16 35 36 38
0.50309 -0.82404 5 33 34 38
0.16721 -0.91736 4 6 34 38
0.06197 -0.66046 0 1 5 7 8 10 11 12 34 38
-0.16077 -0.33807 0 1 6 8 9 19 20 21 22 23 34 37 38
-0.22482 -0.59307 1 6 7 9 34 35 38
-0.40640 -0.50407 7 8 34 35 38
0.35533 -0.24031 0 1 6 18 34 35 38
-0.09956 -0.19636 0 1 6 18 25 34 35 37 38
-0.05885 -0.46505 0 1 6 34 35 37 38
-0.47544 0.69482 2 24 25 26 27 28 35 38
-0.41458 0.54782 2 18 24 25 26 27 28 35 38
0.12093 0.74419 2 18 26 35 38
0.46963 0.59020 2 3 35 38
-0.29220 0.64293 2 18 24 25 26 28 31 35 38
0.03058 0.33879 10 11 14 15 17 32 35 37 38
-0.58851 -0.25059 7 35 37 38
0.34975 -0.00337 7 32 35 37 38
0.11339 0.05867 0 1 7 26 27 29 30 31 32 34 35 37 38
0.13457 -0.11758 0 1 7 29 31 32 34 35 37 38
-0.65938 -0.08551 7 35 37 38
-0.61672 0.53072 13 14 17 35 37 38
-0.52002 0.26891 11 13 14 17 35 37 38
-0.25345 0.43832 13 14 15 17 21 29 35 37 38
-0.11587 0.57709 13 14 21 35 37 38
-0.66385 0.38706 13 14 17 35 37 38
-0.39962 0.02216 21 22 26 35 37 38
0.33807 0.42314 21 31 35 37 38
0.14142 0.44857 17 21 22 30 35 37 38
0.35346 0.21426 18 20 21 22 35 37 38
0.95252 -1.00000 0 4 36
0.19816 -0.51115 0 1 4 5 6 7 8 9 10 11 12 21 22 35 36
-0.09224 0.15802 1 2 3 8 9 10 11 12 13 14 15 16 17 18 19 20 21 22 23 24 25 26 27 28 29 30 31 32 34
0.90745 -0.57810 0 3 33 34
-0.21478 0.13334 7 11 12 18 19 20 21 22 23 24 25 26 27 28 29 30 31 32
-0.05221 0.03395 0 1 2 3 4 5 6 7 8 9 10 11 12 13 14 15 16 17 18 19 20 21 22 23 24 25 26 27 28 29 30 31 32
