50
90 0 28
360 450 30
180 270 27 6 40
90 900 44 7
90 180 28 32
360 270 27 30 48 11
90 360 2 20 39
90 990 3 16 33
360 540 23 19
90 630 18
270 630 45
540 360 5 37 43
90 1170 33 35
270 450 24 18 42
90 720 26 44
90 1530 22
90 1080 7
270 990 49
180 540 13 9
180 630 8
90 450 6 29
360 630 25
90 1440 31 15 38
450 450 48 8
270 360 46 13
540 540 43 21 26
450 630 25 14
180 180 28 2 46 5
90 90 0 4 27
90 540 20
360 360 5 1
180 1350 35 22
90 270 4
180 1080 7 12
180 900 44 47
90 1260 12 36 31
90 1350 35
540 450 11 45
180 1530 22
180 450 6
180 360 2
270 1080 47
270 540 13
630 450 11 25
90 810 14 3 34 49
450 540 37 10
270 270 27 24
180 990 34 41
450 360 5 23
270 900 44 17