80
90 0 71 3
990 360 74 21
90 720 32
180 90 0 72 61 31 70
180 180 71 73
900 360 74 39
450 450 43
180 720 33 26
450 900 67
450 270 31
360 720 29 41 50 78
630 450 65
540 630 57 58 35
720 360 68 59
360 450 36
90 450 64
90 1080 42 60
90 1260 60
270 540 21 32 48 33 29
90 900 55 20
90 990 19
810 450 1 63 18
180 360 54
180 1080 42 77
1080 360 51 49
180 810 66
90 810 7
180 990 76
180 1260 77
360 630 18 10
270 360 54
450 180 3 9 74
90 630 18 2
270 630 18 7 66
270 450 53 62
540 720 12 67
540 360 68 14
90 180 71
450 990 79
720 450 5
270 1080 52
360 810 10 46
360 990 44 16 23
630 360 68 6
270 900 55 45 42
270 990 44
360 900 41
360 360 54
180 630 18
900 450 24 57
450 810 10
630 270 70 24
540 990 79 40
450 360 54 34
180 270 72 22 30 47 53
270 810 66 19 76 44
450 630 57
360 540 49 56 12
450 720 12
540 450 13
90 1170 16 17
360 180 3 75
90 540 34
180 540 21
90 360 73 15 69
810 360 75 11
270 720 33 25 55
630 810 35 8 79
270 270 72 36 43 13
180 450 64
540 180 3 51
90 90 0 37 4
270 180 3 54 68
90 270 4 64
540 270 31 5 1
360 270 61 65
180 900 55 27
180 1170 23 28
540 810 10
540 900 67 38 52