70
90 0 60 67 61
270 540 44
720 360 26
180 450 35
720 720 32 57
180 810 49 15 63
540 540 54
90 630 64
810 540 18 32
90 1170 24
270 720 19 16
450 180 61
180 990 63 24
360 450 46 52
180 720 19
180 900 5
90 810 10 50
90 270 65 34
630 450 62 8 69
360 630 52 14 10 49 66
90 720 48
180 1170 24
270 810 66
540 180 61 26
90 1080 12 9 21
270 270 37 38 41 35 46
450 270 23 2 62
540 630 28
720 540 43 27
270 990 63
450 630 51 59 68
90 540 40
630 630 8 4
360 810 66
90 360 17
450 360 25 3 44
270 630 39
270 180 67 56 25
270 360 25
360 540 44 36
90 450 55 31 64
360 360 25
360 180 67 53
540 450 62 28
270 450 35 1 39
180 180 67
540 360 25 13
630 360 53 54
180 630 64 20
360 720 19 5
90 900 16 58
630 540 54 30
450 540 13 19
360 270 42 47
450 450 47 6 51
180 360 56 40
180 270 37 55
450 810 4
90 990 50
540 720 30
90 90 0 65
270 90 0 11 23
810 360 26 43 18
270 900 5 12 29
180 540 40 7 48
90 180 60 17
450 720 19 22 33
180 90 0 45 37 42
630 720 30
900 540 18