70
90 0 50 44
270 1170 40
450 720 54 13 16 33 28
180 1260 68 35 62
180 450 6 64
180 1890 8 22 49
180 360 59 9 4
90 360 59
180 1800 53 57 5
90 450 6 17 24 55
180 1710 60
90 1440 62 67 30
270 1080 61 63
90 810 2
90 990 39
90 1800 51
180 810 2
90 540 9
270 900 28 61 43
270 630 55 21
180 1080 34 56
270 720 19
90 1980 5 47
90 2160 32 36
180 540 9 45 46
180 2070 49
90 1710 27
90 1620 67 26
360 810 2 18
90 1260 56
180 1530 11 60 38
360 630 55 58
270 2070 49 23
270 810 2 39 66
180 990 39 48 20
90 1350 3
90 2250 23 69
90 2430 69
360 1620 30 51 53
90 900 33 14 34
360 1080 43 1 68
90 720 45
180 1620 67
360 990 18 40
180 90 0 65
90 630 24 41
180 630 24 52
90 2070 22
90 1080 34
180 1980 5 25 32
90 90 0
270 1710 38 15
180 720 46
360 1710 38 8
450 630 64 2
270 540 9 19 31
90 1170 20 29
90 1890 8
360 720 31
90 270 65 7 6
270 1620 30 10
270 990 18 12
180 1350 3 11
180 1170 12
360 540 4 54
90 180 44 59
180 900 33
90 1530 11 27 42
360 1170 40 3
90 2340 36 37