40
90 0 37
90 1080 15
360 630 34 38
180 630 25 14 31 35
450 450 22 21
450 810 38
360 810 14 20
270 630 34
90 810 14
180 270 29 28 23
270 810 14 13
180 810 14
540 450 27
90 900 10 15
90 720 3 8 11 10 6
90 990 13 1
90 540 18
90 270 29
90 450 28 16
90 630 24
180 900 6
360 540 4
270 360 30 4
180 360 9 33 26
180 540 33 19
270 540 26 3
360 450 23 25
360 360 30 12 36
90 360 9 18 32
90 180 37 17 9 30
270 270 29 22 27 39
180 720 3
180 450 28
270 450 23 24
450 540 36 7 2
270 720 3
630 450 27 34
90 90 0 29
360 720 2 5
450 360 30