50
90 0 25
90 1080 44
360 180 25 20
360 360 11 47
90 720 28 14
270 720 26 13
450 630 42
270 180 25 24 27 35 11
90 180 25
360 540 39
180 990 46
360 270 7 34 3
180 540 41 21
180 810 5 22 37 32 46
90 810 4
180 180 25
180 360 35 40 45
180 720 26
270 540 41 28 26
540 630 42 48
450 270 2 30 31
90 630 12
90 900 13
360 630 38
90 270 7
90 90 0 8 15 7 2
270 630 18 17 5
180 270 7 29
180 630 18 4
90 360 27
450 360 20 39
540 360 20 43 36
270 900 13 44
90 540 40
270 360 11 41
270 270 7 16
630 450 31 49
180 900 13
450 540 39 23
450 450 30 9 38 42
90 450 16 33
270 450 34 12 18
540 540 39 6 19
540 450 31
90 990 32 1
180 450 16
360 900 13 10
360 450 3
360 720 19
630 540 36