40
90 0 12 10 39
270 1080 35
270 900 34 7
90 270 24 5
360 810 28 20
90 360 3 6 36
90 450 5 11 30
90 990 2 18 32
180 810 17 9 23
90 900 8
180 90 0 24 38
90 540 6
90 90 0 19
90 810 16
90 630 30
360 720 21
90 720 27 13
180 720 31 8
90 1080 7
90 180 12
360 900 4 35
540 630 29 15
180 360 37
180 900 8
180 180 10 3 37
630 630 29
180 630 30
270 630 30 16
270 720 31 34 4
270 540 36 21 25
180 540 6 14 26 27 33 31
450 630 30 17 28
180 1080 7
360 630 30
270 810 28 2
180 990 20 1
180 450 5 29
180 270 24 22
270 180 10
270 90 0