60
90 0 8 32
360 630 51 49
90 360 4 20
450 810 49
180 270 23 2
540 900 25 53
90 270 21
180 540 37 57
90 90 0
180 900 50 55
90 1170 39
450 720 14 50
180 720 14
450 900 41 26 58
180 630 24 12 40 46 11
180 990 17 42 52
540 1080 53 34
360 900 41 15
450 1080 53
90 900 47
90 450 2 27
90 180 32 6
360 270 48 54 33
180 180 32 4 30
270 540 37 14 35
540 810 49 5
270 990 13 39
90 540 20
270 810 45
270 450 33 51
270 270 23 44
270 900 41
180 90 0 21 23 48
360 360 22 37 29
270 1170 16
270 630 24 45
630 1080 53
180 450 33 7 24
90 720 57
360 1080 26 10 43
270 720 14
360 810 45 31 17 13
180 1080 15
180 1170 39
180 360 30
540 720 35 28 41
360 720 14 47
90 810 46 19
270 180 32 22
630 720 1 3 25
180 810 11 9
360 540 29 1 59
270 1080 15
450 990 5 18 16 36
270 360 22
90 990 9 56
90 1080 55
90 630 7 38
360 990 13
450 630 51