70
90 0 39
90 720 50
630 270 37 41
540 540 38 19 56 8
180 540 54 52
360 720 16
540 630 34 48
450 630 34 63
810 630 3 67
180 1350 55 12 49
630 720 19
360 810 48 51 53
90 1440 9
90 990 53 62 45
90 810 58
540 450 41 69
360 630 34 5
180 180 39 57 29
270 720 61 23
630 630 3 10
180 360 26 38
360 270 27
90 360 29 54 66
270 810 18
270 540 38
90 1530 49 59
540 270 27 20 47
270 180 39 21 28 26
450 270 27
270 270 17 22
90 180 39 40
180 1170 45
450 450 41 33
720 540 32
450 540 38 16 7 6
90 540 54 50
900 630 69 44
360 180 39 2
270 450 20 24 46 34 3
90 90 0 30 17 27 37
90 270 30
360 360 2 32 15
90 1170 62 55
90 1350 55
810 720 36
180 1080 13 31 64
360 540 38 61
270 360 26 68
540 720 6 11
180 1440 9 25
90 630 35 1
90 900 11
180 630 4 58
180 900 11 13
90 450 22 35 4
90 1260 42 43 9
720 630 3
180 270 17
180 720 52 14 60
90 1620 25
180 810 58
270 630 46 18
90 1080 13 42
450 720 7
270 1170 45
630 540 68
180 450 22
720 720 8
360 450 47 65
810 540 15 36