60
90 0 38 25
450 540 37
180 1170 27
90 990 49 33
270 180 25
180 450 18 20 57 58
270 1170 27 23
360 540 44 9
270 720 43 14 53
270 630 7 13
540 540 37
90 810 13
270 450 55
90 720 9 11
180 810 8 49
90 270 24
270 270 45 34
450 360 59 36 37
180 360 30 5
360 180 25
90 540 5 22 46
540 180 25 59
90 630 20
90 1260 6 41 52
90 180 38 15 42
180 90 0 4 19 45 21
180 1080 54 32
360 1080 54 2 6
720 540 37 43
630 540 37 39 40
360 270 45 18
270 360 59
90 1170 26
90 1080 3
90 360 16 48
180 720 39
450 450 17
540 450 17 1 10 29 28
90 90 0 24 47
360 630 29 35
450 630 29
90 1350 23
180 270 24
540 630 28 8
360 450 55 7
450 180 25 16 30
180 630 20
180 180 38
90 450 34
90 900 14 3 54
270 1080 54
90 1440 52
180 1350 23 51
270 810 8 56
180 990 49 26 50 27
360 360 59 12 44
180 900 53
180 540 5
270 540 5
450 270 21 31 55 17