60
90 0 24
270 270 59 36
180 180 24 54
90 1620 8 18
540 1260 12 32
180 540 39
90 630 15 42 37
90 1350 29
90 1530 41 3 38
270 1260 53 35
270 540 39
450 1260 12
360 1170 50 11 4 33 55 58
90 1260 28
360 1260 53 19
540 540 43 6
90 450 30 17
90 540 16
90 1710 3
270 1350 14 52
180 1170 50 29
90 270 45 44
360 270 59 27 51 30
270 1440 32
90 90 0 45 2 59
90 810 37 34 48
270 1620 49
360 360 22
90 1170 50 13
180 1260 20 7
540 360 22 16 39 43
360 540 39
360 1350 4 23
630 1260 12
90 900 25
180 1350 9 41
270 360 1
180 720 6 25
180 1620 8
180 450 30 5 10 31 56
90 990 48
90 1440 35 8
90 720 6
270 450 30 15
90 360 21
90 180 24 21
450 1350 58
180 990 48 50
180 900 25 40 47
180 1530 52 26
90 1080 47 28 20 53 12
450 360 22
180 1440 19 49
270 1170 50 9 14
180 270 2 57
720 1260 12
450 540 39
180 360 54
810 1260 12 46
270 180 24 1 22