70
90 0 2
360 360 50 10 12 66 18
90 90 0 49 64 43
360 1080 45
360 540 18 38 6
90 1350 31
180 630 4 59 7
270 720 6 14 69
360 900 53 52
810 990 61 56 46
180 450 1
90 1080 58
270 450 1
540 900 40 58
450 810 7
90 360 41
720 1080 68 25 22
360 990 60 37
450 450 1 39 4
270 360 29 35
90 900 53
180 360 41
450 1170 16 31
360 810 59 42 61
90 1170 37 26
360 1170 16
90 1260 24
180 900 53
990 900 69 68
270 270 43 19
270 900 53 36
180 1260 22 5
270 810 59 60
180 1170 63
90 720 38 53
90 450 19 51
90 990 30
180 1080 17 24
90 630 4 34
270 540 18
180 810 59 13
90 270 64 15 21
720 900 23 48 45
270 180 2 29 50
630 990 61
540 990 42 3 63
630 1080 9 65
720 990 61
450 990 42 62
90 180 2
360 270 43 1
90 540 35
180 990 8
90 810 34 20 27 30 8 54
450 900 53
900 900 69
540 1080 9
180 540 66
270 990 13 11
180 720 6 40 32 23
630 900 32 17
810 900 23 44 47 9
270 1080 48
450 1080 45 33
180 180 2 41 67
270 1170 46
360 450 1 57
180 270 64
900 990 28 16
540 810 7 55 28