50
90 0 45 28
360 990 43
90 810 7
90 990 5
180 990 5
360 900 12 3 4 14
90 1080 14 42
90 720 44 2
180 270 39 23
90 1440 18
90 450 23
180 1260 42 35
360 810 34 5
360 630 30
270 990 5 6
270 720 46 32
180 540 24 41
180 720 25 47
90 1350 29 9
90 270 39
270 360 40 24
180 1440 35 36
180 450 33 31
90 360 8 10
270 450 20 16 48 30
270 630 48 17
180 900 32
90 900 47
180 90 0 39
90 1260 42 18
360 540 24 13 46
90 540 22
270 810 15 26 37
180 360 40 22
360 720 46 12
180 1350 11 21
90 1530 21
270 900 32
450 810 49 43
90 180 28 19 8 40
270 270 39 33 20
90 630 16
90 1170 6 29 11
450 900 38 1
180 630 48 7
90 90 0
450 630 30 15 34 49
180 810 17 27
270 540 24 44 25
450 720 46 38