50
90 0 15
450 630 22 9 29 49
90 360 6 31
180 810 38
270 990 32 10
270 540 11 23
180 270 21 2 28
360 810 26
90 270 44
450 720 1 12
270 1080 4 13 40
270 450 28 5 22
540 810 9
270 1170 10
90 720 30
90 90 0 44 21
180 630 45 42
360 630 22 26
90 900 36
270 810 38
90 990 32 25
180 180 15 6
360 540 11 17 1
270 630 5 38
90 1170 25
90 1080 20 24
360 720 17 7 27
450 810 26 32
180 360 6 48 11
540 720 1 39
90 630 45 14
90 450 2 41
180 900 27 20 46 4
90 1260 40
180 1170 43
90 1350 37 47
90 810 42 18
180 1260 40 35
270 720 23 3 19
630 810 29
360 1170 10 33 37
90 540 31
180 720 16 36
180 1080 46 34
90 180 15 8
180 540 48 30 16
180 990 32 43
90 1440 35
180 450 28 45
630 720 1