40
90 0 11 20 4
360 360 34 27
270 180 4 24
90 990 35 18
270 90 0 2 14
270 450 10 23 37
90 540 16
90 180 11 15
90 360 24 16
90 810 29
270 360 19 5
90 90 0 7
180 630 26
540 450 17 26
360 180 4 19 34
90 270 7
90 450 8 6
450 360 34 38 13
90 1080 3
270 270 14 33 10
180 90 0 21
180 180 20
90 630 37
180 540 5
180 270 2 8
360 540 27
450 540 13 12 32
360 450 1 25
270 810 39
90 720 32 9 36
180 450 33
90 900 36
270 630 26 29 39
180 360 19 30
360 270 14 1 17
180 900 36 3
180 810 29 31 35
270 540 5 22
450 450 17
180 720 32 28