40
90 0 9 14
450 720 38 30
90 900 20 36
90 630 4 25
90 540 16 3
360 360 19 27
360 810 31
270 540 27
180 180 14 19 39
90 90 0
360 540 27 11
360 630 10
270 630 15 29
180 720 21 26
180 90 0 37 8
180 540 34 21 12
90 450 35 4
540 540 27 22 38
90 360 19
180 270 8 18 23 35 5
270 810 29 2
180 630 15 13
540 630 17 31
180 360 19
90 270 37
90 720 3
90 810 13
270 450 5 7 10 28 17
450 540 27 33
270 720 12 32 20
450 810 1
360 720 22 6
180 810 29
450 630 28
180 450 35 15
270 360 19 16 34
90 990 2
90 180 14 24
630 630 17 1
270 270 8