40
90 0 27
270 1170 25
360 1170 25
90 1260 18
180 810 8 19 21
90 270 17 9
180 270 17 37 39
90 630 22 28 31 8
270 720 7 4
90 360 5
270 1080 33
180 1350 36
90 990 19
90 450 37 22
90 1170 20
90 810 31
90 1440 24
90 180 27 5 6
180 1170 20 3
90 900 4 12
90 1080 34 14 18
180 900 4 34 33
90 540 13 7 38
360 1080 33 30 35
90 1350 29 16
180 1080 34 1 2 32
180 1260 32
90 90 0 17
90 720 7
270 1260 32 24
540 1170 23
180 720 7 15
450 1170 25 26 29
270 990 21 10 23
180 990 21 20 25
630 1170 23 36
360 1260 35 11
180 360 6 13
180 630 22
270 360 6