50
90 0 2 28 45
90 630 18
90 90 0
90 1260 34
180 450 15 19
270 810 46 33
90 810 22
270 900 29
360 900 36
720 810 12 40 48
90 990 42 37
450 810 21
360 720 39 29 36 9
90 270 24 15
360 990 48
90 360 13 26 4 17
270 1080 44 34
270 450 15 49
90 540 26 1
450 540 4 39
180 630 31
270 720 39 11
90 720 32 6 38
180 540 26
90 180 45 13
360 540 26 32
90 450 15 18 23 31 25
270 990 40 47
180 90 0
540 810 12 7
180 1080 44
270 540 26 20
270 630 25 22 46
90 900 5
90 1170 16 3
360 810 46 42
630 810 12 8 41
90 1080 10
180 810 22
360 630 19 21 12
540 900 9 27
450 900 36
180 900 35 10 44
450 990 48
180 990 42 30 16
270 90 0 24
180 720 32 5 35
360 1080 27
630 900 9 14 43
540 540 17