80
90 0 78
360 450 31 47
270 900 28 46
90 360 44 41
360 270 66
270 1710 35 11 39
360 1530 64 60 54
90 1080 72
450 1620 61
540 1530 50 35
180 1440 63 12 52
90 1800 5
90 1530 10 29
180 1080 72
270 1080 46 67
270 1800 55
90 810 45 19 74
90 1260 67 56
450 1710 35 65
90 900 16 71
90 270 49
450 630 79 45 23
270 1530 64
270 720 21 28
450 1080 46 25
270 1170 24 37
180 1170 76
90 540 51
180 810 23 2
90 1620 12 43
90 630 47
180 360 53 51 57 1 73 68
180 1350 37
540 1710 35 70
270 270 62
630 1620 9 5 55 18 33
90 1440 56
180 1260 25 32 63
540 1620 61
180 1800 5
90 1890 70
90 450 3
360 630 79 75
90 1710 29
180 270 49 3
180 720 21 16
270 990 2 14 76 24
180 540 1 30 58
180 1620 52
90 180 78 20 44
360 1440 63 61 9
180 450 31 27
180 1530 10 48
450 270 66 31
360 1620 6 69
360 1710 35 15
90 1350 17 36
270 450 31
180 630 47
270 630 79
270 1620 6
450 1530 50 8 38
180 180 78 34
270 1350 37 10 64 50
270 1440 63 22 6
360 1800 18
270 180 78 4 53
90 1170 14 17
540 450 31 79
180 1710 54
450 1800 33 40 77
90 990 19
180 990 74 7 13
450 450 31
180 900 16 72
90 720 42
360 1080 46 26
180 1890 70
90 90 0 49 62 66
270 540 68 59 42 21