60
90 0 28 44
360 630 9 58
90 450 12 6 15
270 450 56 20
180 720 53
810 270 55 22 56
90 540 2
270 810 36 35
360 810 36 45
360 540 50 1
540 900 59 38 39
90 630 43
90 360 29 2
630 630 40 30 36
180 810 36
180 540 2
540 630 40 27
270 180 44 32 42 46 52
720 270 55
540 540 37 53
450 540 3
180 630 43
270 360 5
90 270 54
90 900 25
90 810 31 24 48 57
180 180 28 29 47
360 720 16
90 90 0 54 26
180 270 26 12
450 720 13
270 720 53 25
360 270 17
90 990 48
630 720 49 59
360 900 7
540 720 13 14 7 8
360 450 56 19 40
180 990 10
270 990 10
630 540 37 16 13 49
180 360 47 50
450 270 17
270 540 50 11 21 51
180 90 0 17 55
450 900 8
540 270 17
270 270 26 41
180 900 25 33
720 630 40 34
180 450 41 43 9
270 630 43
630 270 17
450 630 19 4 31
90 180 28 23
360 180 44 18 5
360 360 5 3 37
270 900 25
90 720 1
450 810 34 10