40
90 0 12 19
90 630 34
270 1350 25 20 28 6
90 1170 5 11 10
450 1260 13 39
90 1080 8 3
270 1440 2 31
270 630 34 32
90 990 17 5 36
180 1170 36 23
180 1260 3 18 35
90 1260 3
90 90 0 14
270 1170 36 25 4
90 180 12 37
90 720 38
180 180 19 33 21
90 900 29 8
90 1350 10
180 90 0 16
90 1440 2
270 270 16 27
90 1710 30
270 1260 9
90 1530 28 30
360 1260 13 2
90 450 27 34
90 360 21 26
180 1440 2 24
90 810 32 17
90 1620 24 22
180 1530 6
180 720 7 29
180 270 16
90 540 26 1 38 7
180 1350 10
180 1080 8 9 13
90 270 14
180 630 34 15
360 1350 4