80
90 0 23 61 11 69
450 360 54
90 1170 15
180 1170 15
180 990 53 39 13
450 1170 39
90 1530 17 41
540 360 54
180 720 21 60
90 540 49 63 21 14
90 360 45
270 90 0 73 40
180 810 47
450 1080 4 38
270 630 9 47 27
90 1080 57 2 3
90 1890 65
270 1440 55 6
270 1170 67
90 1440 29
540 1080 43
180 630 9 34 8
180 1710 41 48 65
90 90 0
90 1350 46
180 1260 38
180 270 40 62
360 720 14 35 44
180 900 60 57
180 1350 46 19
180 1080 57
180 360 45
360 900 44
90 180 61
90 720 21
270 810 27 53
270 1350 77 42
270 1260 38
540 1170 13 25 37 76 77
360 1080 4 5
360 180 11 26 74
90 1620 6 51 22 68
180 1440 36
270 990 78 20
360 810 27 32 66 78
90 270 73 10 31
90 1260 75 24 29
270 720 14 12
90 1800 22
270 450 59 9
450 180 69 54 71
90 1710 41
180 180 61
270 900 35 4
360 270 50 1 7
360 1350 77 17
360 990 78
90 990 28 15 30 67
90 900 60
630 360 71 49
90 810 8 58 28
180 90 0 33 52
270 360 26 72
90 630 9
360 360 74 70
180 1800 22 16
450 900 44
270 1080 57 18 75
270 1710 41
360 90 0 50
180 450 64
450 270 50 59 79
90 450 62
270 180 11 45
270 270 40 64
360 1170 67 46
360 1260 38
450 1260 38 36 55
540 900 44 43 56
720 360 71