60
90 0 22 1
180 90 0 13
180 990 25
270 540 55 11
360 720 57
540 630 58 6 50
450 720 5
90 810 32 27
180 810 19 28 25
270 180 22 46
360 540 45
180 630 3 24 32
360 360 42 16 45 20
360 180 1 42
90 180 22 34 23
630 630 58 19
360 450 12
450 540 45
630 450 59 47
630 720 15 8 52
540 450 12 26 31 53 43
720 450 59 58
90 90 0 14 54 9
180 270 14 33
180 720 11
270 900 8 2 36
630 540 20
90 900 7 49
180 900 8
90 360 34
90 630 37 48
720 540 20
270 720 11 7
180 360 23 44
90 270 14 29
450 630 47
270 990 25
180 540 55 30
270 360 46 55 56
90 540 44
540 540 45
270 630 53
450 270 13 12 59
900 540 20 57
90 450 33 39
450 450 12 10 17 40
360 270 9 38
990 540 18 35
90 720 30
90 990 27
540 720 5
270 270 54
270 810 19
810 540 20 41
180 180 22 51
180 450 38 37 3
270 450 38
360 630 43 4
1080 540 21 5 15
450 360 42 18 21