40
90 0 22 3
180 450 10 13
90 1170 32
180 90 0 24
180 270 24 18 10
90 630 7 9 27
360 720 35 25
90 540 38 5 33
270 720 33
90 720 5 20
180 360 4 38 1
630 810 14 19
450 810 14
180 540 1 35 34
540 720 34 12 21 11
270 900 25
90 900 26 23
360 900 21 36
90 360 4
540 900 11 39
90 810 9
540 810 14 17 37
90 90 0
90 990 16
90 180 3 31 4
360 810 6 15
180 810 27 16
180 720 5 26 28
270 810 27 29
180 900 28
450 720 34
90 270 24
90 1080 36 2
180 630 7 8
360 630 13 30 14
270 630 13 6
180 990 17 32
450 900 21
90 450 10 7
270 990 19