80
90 0 74
90 990 37
270 1350 77
270 1260 22 31
720 900 18 44 46
450 990 6
630 900 25 5 34 70
90 270 30
360 1080 70
540 1080 44 14 16
90 1530 21 51 53 17
90 1440 61
180 450 73 49
180 810 48 37
180 1170 9
180 180 74 52
270 1170 9 67
270 1620 10 71
720 810 43 4 79
90 810 48
90 1170 72
180 1440 31 10
360 1170 76 47 3
180 990 59
90 1710 51 26
630 810 43 65 6
90 1800 24
720 1080 46 58
360 1350 77
360 630 49 57 43
90 180 74 7 39
180 1350 3 21 75
90 630 49 35
90 1080 68
540 990 6
90 720 32
450 1080 70
90 900 13 1
270 990 59
180 270 30 63
180 1530 75
450 900 64 68
360 810 57 69
450 720 29 55 25 18
720 990 4 9 76
270 720 56 54
810 990 4 27
180 1260 22 61
180 720 60 19 13
90 540 12 32 60 56 29
180 1710 53
90 1620 10 24
270 270 15 73
180 1620 10 50
270 810 45 66
540 810 43
270 630 49 45
360 720 29 42 64
450 1170 27 77
360 900 64 23 38
180 630 49 48
90 1350 47 11
90 450 63
90 360 39 62
450 810 57 59 41
540 900 25
180 900 54
90 1260 16
360 990 41 33 72 78
270 900 42
630 990 6 8 36
270 1710 17
180 1080 68 20
180 360 52 12
90 90 0 30 15
270 1440 31 40
630 1080 44 22
360 1260 58 2 28
270 1080 68
810 900 18