60
90 0 41
360 270 53 52 6
450 1260 39 15
90 360 13
90 1350 7 5
90 1440 4
270 360 1 26
270 1260 27 4 14
360 540 11 12 31 49
180 1260 27
180 1440 14 20
360 450 45 19 8
270 630 8
90 270 53 3
180 1350 7 10
360 1350 2
90 810 42
450 1350 28
90 1260 44
270 540 11 33
90 1530 10
90 180 41
180 810 37
90 1080 35 44 27 39
90 540 26
90 1620 40 43
180 450 6 24 57
180 1170 23 9 7 55
540 1260 39 17 46 50
90 900 48 35
270 1350 55
360 630 8
180 270 53
180 630 19 42
270 180 41 38
90 990 29 23
270 270 53
180 720 49 22 48
450 270 34 51 45
270 1170 23 2 28
180 1530 58 25
90 90 0 21 53 34
90 720 33 16
90 1710 25
90 1170 23 18
450 360 38 47 11
540 1350 28
270 450 45
270 810 37 29
450 630 8 37
630 1350 28 58 59
360 360 38
180 360 1 54
180 180 41 13 32 36 1
90 450 52
360 1260 27 30
90 630 57
180 540 26 56
270 1440 50 40
360 1440 50