80
90 0 67
360 1620 36
360 180 67 71 50
180 1350 32 61
270 1440 66 28
450 720 15 35
90 1170 78
540 720 57
270 1170 41 32 38 64
360 450 45 62 19 72
90 1350 32 49
180 720 39 30
360 900 13 26 60
630 810 56 12
360 1440 74
360 630 19 27 43 5
90 180 67 25
180 1620 28
270 1620 28 58
270 540 9 39 15
630 720 79
180 270 54
90 900 30
90 810 68
90 1620 55
90 270 16
270 990 12 34 53
270 720 15
270 1530 4 17 18
450 1350 64 33
180 810 11 22 44
90 540 46
90 1260 8 10 3
450 1440 29 36 76
180 1080 26
450 810 5 77
360 1530 33 1
90 1530 49
180 1260 8 66
270 630 19 11
270 810 43
360 1080 60 8
180 630 62 68
360 720 15 40 65
180 900 30 59
180 360 50 73 9
90 450 75 31
180 1170 78
90 630 62
90 1440 10 37 55
360 270 2 45
450 630 72
540 810 56
270 1080 26
180 180 67 21
180 1530 49 24
720 720 79 52 13
540 630 72 7
90 1710 18
90 990 44
360 990 12 41
180 1440 3
180 540 9 48 42
270 180 67
270 1260 8 74 29
360 810 43
270 1350 38 4
90 90 0 16 54 63 2
90 720 42 23
180 450 75
180 990 77 78
270 270 2 75
360 540 9 51 57 79
270 450 45
360 1350 64 14
90 360 71 46 69
450 1530 33
270 900 35 70
90 1080 70 6 47
630 630 72 20 56