60
90 0 47
540 1890 53 20
270 180 47 18
90 900 16
270 1800 21
360 1260 32 50
90 810 49
90 180 47
270 1080 51 38 52
180 900 39 51 58
90 1440 50
90 1890 27
90 1170 40 48
180 1890 27
90 1350 45
270 1260 32
180 810 49 3
90 450 56 57
180 270 2 56 25
450 1890 53
90 1980 1 54
180 1710 22 4 53
180 1620 30 28 21
180 720 24 39
180 630 57 23
180 360 18 59
270 1890 27
90 1800 28 11 13 26
90 1710 22 27 31
90 270 55
90 1530 41 46 22
180 1800 28 33
360 1170 34 15 5
360 1890 31
360 1080 51 32
90 630 57 49
540 1080 58 44
180 1440 50
180 1170 8 45
270 810 23 9
180 1080 51 12
270 1440 50 30
450 1080 58
90 1080 51
450 1170 36
180 1260 38 14
90 1620 30
90 90 0 7 55 2
90 1260 12
90 720 35 6 16
180 1350 5 10 37 41
90 990 9 43 40 8 34
270 1170 8
360 1800 21 19 1
90 2070 20
180 180 47 29
90 360 18 17
90 540 17 35 24
180 990 9 42 36
180 450 25