40
90 0 23 4
180 360 35 33
90 900 5
180 630 29 22
180 90 0 20
180 810 10 2 25 19
90 1080 17
180 1080 28 11 18
90 270 20
90 360 35
360 720 16 24 5
90 1170 7
90 990 25
270 360 35 15
90 720 16
180 450 13 29
90 630 29 14 27 32 10
180 990 25 6
180 1170 7
270 900 5 36
180 180 4 8 37 35
90 1260 30
450 720 3 39
90 90 0 31
90 810 10
180 900 5 12 17 28
360 1170 38 34
180 720 16
270 990 25 7
90 540 15 16 3
270 1170 38 21
90 180 23
270 720 16
90 450 1
180 1260 26
270 270 20 9 1 13
360 990 19 38
180 270 20
270 1080 36 30 26
270 810 22