50
90 0 37 1
180 90 0 15 40 19 34
180 540 48
90 540 17 47
90 720 14 16 41
270 630 24 46
630 450 39 33
270 360 22 17 48
360 270 34 43
90 270 23
270 540 48
360 450 38
270 720 25 42
360 540 48 14
180 630 13 4
180 180 1
90 810 4
90 450 7 3
270 450 30
360 180 1 45
540 450 28 24
180 900 42 31 32
450 270 34 7
90 180 37 9
450 540 20 5
360 630 36 12
450 450 28
540 270 34 30 38 28 39
540 360 27 26 20
90 900 41
360 360 27 18
90 990 21
180 990 21
540 540 6
450 180 1 8 22 27
180 270 40
630 540 49 25
90 90 0 23
450 360 27 11
630 360 27 6 49
270 180 1 35
180 810 4 29
270 810 12 21
180 360 8
90 360 45
270 270 19 44
180 720 5
90 630 3
180 450 7 2 10 13
720 450 39 36