40
90 0 12 15 36 38
540 540 13 23
270 360 22 18 27
360 540 21
180 540 10 30
360 360 35
270 720 23 19
90 180 15
90 360 22
90 270 25
90 450 34 11 4
90 540 10
90 90 0
540 450 26 1 39
270 540 27 20 37
180 90 0 7
180 720 23
450 360 35
270 450 2
90 810 6
180 630 14
450 450 26 3 31
180 270 25 8 34 2
360 630 1 16 6 24
360 720 23 29
180 180 36 9 22
540 360 35 21 13
360 450 2 14
90 720 30
180 810 24
90 630 4 28
450 540 21
180 450 34
270 180 38 35
180 360 22 10 32
270 270 33 5 17 26
270 90 0 25
270 630 14
360 90 0 33
630 540 13