50
90 0 16
450 900 10 18
180 270 11 30
90 900 8 17
270 450 30 48
720 900 6
540 810 49 5 45
360 360 20 27
90 810 29 3 38
90 1080 18
180 810 29 33 34 1
270 180 16 2
90 720 39
90 180 16 22
180 450 30
630 900 44
90 90 0 13 32 11 23
90 990 3
180 990 1 9 46
90 360 22
270 270 23 7 47
180 540 35 36
90 270 13 19 26
360 180 16 20
90 450 26
270 990 43 41
180 360 22 24
360 450 7
360 990 45
180 720 39 8 10
270 360 2 14 4
270 720 36 37 40 44
180 180 16
270 900 10
360 900 10
450 450 47 21
180 630 21 31 49
270 810 31
180 900 8
90 630 48 12 29
360 810 31 43
270 1080 25
90 1170 46
540 900 40 25
450 810 31 15
810 900 6 28
180 1080 18 42
450 360 20 35
90 540 4 39
360 720 36 6