70
90 0 18
180 450 24 30 44
90 1260 62
180 990 55
180 1080 14 38
360 720 13 65
90 900 21
90 630 46 26
180 810 37 12
990 540 60
540 450 16
270 990 55 15
180 900 8 33
360 630 49 5
360 990 55 4 67
90 1080 11 62
360 360 42 10 52 39 60
270 540 48
90 90 0 41 22
540 540 40 47
450 540 40
90 810 26 6
180 180 18 29 42
180 630 46 37 64
90 360 27 36 1 57
810 540 39
90 720 7 21
90 270 41 24
540 810 69 55
270 270 22 50
90 540 1
180 1350 63
1170 540 60 34
90 990 12
450 630 32 35 53 69
450 720 34
90 450 24
180 720 23 8
180 1170 4 59 63
720 450 16 25 66
450 450 50 20 19 49
90 180 18 27 45
360 270 22 16
180 1260 62 56
180 540 1
180 270 41 68
360 540 48 7 23
270 630 19
360 450 68 17 46
630 540 40 13
270 360 29 40
450 810 69
630 450 16 61
540 720 34
270 810 64
270 900 28 3 11 14
90 1350 43
270 450 24
1080 540 60
270 1260 38
810 450 16 9 58 32
720 540 52
90 1170 15 2 43
360 1260 38 31
270 720 23 54
360 810 5
900 540 39
270 1080 14
180 360 45 48
630 720 34 51 28