50
90 0 38
90 1170 19 41 45
180 270 35 9 16
270 990 36 19
270 720 23
180 720 21 18 27
450 810 11 30
630 810 29 17
360 630 40 39 31
90 360 2 13
720 810 31
540 720 23 6 26
180 900 26
90 450 9
540 900 37
90 720 21
180 360 2 49
450 900 7 24
90 810 5
90 1080 3 1
720 900 33 48
90 630 40 15 5
270 810 34
180 630 40 4 34 25 11
180 990 17
450 720 23 42
540 810 11 12 32 28
180 810 5
360 900 26 43
630 720 44 7
90 900 6
810 720 8 10 37 33
270 900 26
900 810 31 36 20
360 720 23 22
90 180 38 46 2
630 900 33 3 47
810 810 31 14
90 90 0 35
720 720 8
90 540 49 21 23 44 8
90 1260 1
360 810 25
90 990 28
270 630 40 29
180 1260 1
90 270 35
360 990 36
450 990 20
180 450 16 40