60
90 0 34 46
720 450 35 18 16
630 630 16 31 28
90 1080 48
360 270 24 17 42 14
180 990 29 59
90 540 43 25
540 630 16
450 270 24 10 49
450 540 57
540 360 8
270 450 42
180 540 47 33
90 900 20
450 360 4 54
360 540 47 56
720 540 1 7 2
270 360 4
630 540 1 38
270 540 47 32
180 810 53 13 55
540 270 27 41 35
90 1170 59 50
90 810 53
180 180 46 44 4 8
90 630 6
90 270 39
270 180 46 21
270 720 2 52
270 900 52 5
90 360 36 43 47
180 720 2
270 630 19 53
180 630 12
90 90 0 39
810 360 21 40 1
180 270 39 30
180 360 44
450 630 18
90 180 34 26 36
630 450 35 51
720 360 21
360 360 4 11
90 450 30 6
270 270 24 37
180 1080 48
180 90 0 24 27
180 450 30 12 19 15
90 990 55 3 45
630 360 8 57 58
90 1260 22
540 540 40
270 810 28 29
90 720 32 23 20
360 450 14
180 900 20 48
360 630 15
450 450 49 9
540 450 49
270 1080 5 22