60
90 0 28 11
180 450 35 30 16 51 12 15
270 180 11 33
810 720 43
450 900 32
270 450 59
180 180 11
90 630 16 41
90 360 13
270 270 14
90 270 18
180 90 0 6 2 14
450 540 1 29 24
360 270 14 8 26 35
360 180 11 9 13 58 36
540 540 1 52 39 43
270 540 1 7 45
180 720 50
90 180 28 10
180 900 37
90 1080 56
270 630 51
180 810 48 53
270 900 37
540 630 12 48 55
630 720 39 32
180 360 13 49
540 900 40
90 90 0 18
450 630 12
180 540 1
360 360 36
360 810 25 4
180 270 2
90 540 49
270 360 13 1
540 270 14 31 59
270 810 55 19 23 44
450 720 52
720 630 15 25 54
450 810 57 27
90 720 7
90 810 48
810 630 15 3 57
360 900 37 56
180 630 16
90 990 53
540 720 52
270 720 24 42 22
90 450 26 34
360 630 51 17
360 540 1 21 50
630 630 15 38 47
90 900 22 46
720 720 39
360 720 24 37
180 990 44 20
900 720 43 40
450 270 14
450 360 36 5