80
90 0 39 79
270 720 9
270 1170 57 54
180 1530 65 68
180 630 25
360 450 10 12
270 1080 73 20
180 900 33
360 270 69 45 46
270 630 23 1
360 360 64 5
90 1890 30
270 540 5
90 1530 65 49
90 1350 54 65
90 720 43
360 900 33 48 55
450 990 44
90 270 35
450 360 64
180 1170 6
360 810 36
630 990 44 26
450 540 60 9 31
270 900 33
360 540 42 4
180 1080 22 67
180 1350 32 75
540 990 44
270 450 46 72
90 1800 70 11
360 630 23 47 36
180 1260 78 27
450 810 36 7 24 16 44
180 270 35
90 180 39 18 34 61
450 720 31 21 33
90 540 38
90 450 46 37
90 90 0 35
270 1530 75
180 450 46
450 450 52 25
90 630 72 15 53
450 900 33 17 28 22 73 59
180 360 8
270 360 8 38 41 29
360 720 31
270 990 16
90 1620 13 56
360 1080 59
180 1710 68
540 360 64 42 60
180 720 43 58 63 77
90 1260 2 14
360 990 16 62
90 1710 49
450 1080 59 2 78
90 810 53
810 990 44 50 57
540 450 52 23
270 270 35 71
90 1080 55
180 810 53
450 270 69 10 19 52
90 1440 14 13 3
90 990 74
90 1170 26
180 1620 3 51 70
180 180 79 8 64
270 1710 68 30
90 360 61
180 540 29 43
720 990 44 6
90 900 77 66 76
180 1440 27 40
180 990 74
270 810 53 74
360 1170 57 32
180 90 0 69