50
90 0 35
360 720 9
90 810 29
90 360 18 22
450 810 12 7 34 21 39
270 810 29 27
180 810 29
270 900 4
90 1170 44 30
180 630 31 1
360 450 15 31
360 540 49 36
270 720 41 4
90 990 27
90 720 41
270 360 18 26 10 49
270 630 31
180 900 32
180 270 20 3 40 15
180 1080 45
180 180 35 47 18
450 900 4 28
90 450 3 37
270 990 39
180 450 40 48
360 630 31 33 43
270 450 15
90 900 5 13
180 990 21 44
180 720 41 2 6 5 32
90 1260 8
270 540 10 9 16 25
360 810 29 17
450 720 25 38 42
360 900 4
90 90 0 46 20
450 630 11
90 540 22
540 810 33
540 900 4 23 45
180 360 18 24
90 630 48 14 29 12
630 810 33
540 720 25
90 1080 28 8
360 990 39 19
90 180 35
90 270 20
180 540 24 41
450 450 15 11