70
90 0 46 11
90 450 17 24 21
270 720 40 38
360 1980 66 63
90 2070 27 30
90 990 50
270 900 16 64
180 450 68 9
90 900 16
270 540 7 40
180 1980 66
180 90 0 15
90 630 24 28
90 1170 54 51
450 450 69
90 180 11 29 32
90 810 56 8 50 6 18
90 360 32 1
360 900 16 25
270 1890 45
90 1440 49
180 540 1 44
90 1890 62
90 1080 64
90 540 1 12
360 990 18 54
270 1440 49 36 39
270 1980 66 4 34
90 720 12
90 270 15
90 2160 4
90 1620 39 53
180 270 15 17 68 69
360 1890 45
180 2070 27 52
270 450 68 55
90 1530 26
90 1980 43
180 810 2
180 1530 26 31 58 41
270 630 9 2
270 1620 39 48 57 42
360 1710 41 45
180 1890 62 37
180 630 21 56
270 1800 42 19 33 66
90 90 0
180 1440 49
180 1710 41
90 1350 51 20 47 26
180 900 16 5 59
90 1260 13 49
180 2160 34
90 1710 31
180 1080 25 13
360 540 35
180 720 44 16
270 1710 41 61 62
180 1620 39
180 990 50
450 540 67 65
90 1800 57
180 1800 57 22 43
270 2070 3
270 990 6 23
360 630 60
450 1890 45 10 27 3
360 450 68 60
180 360 32 7 35 67
270 360 32 14