70
90 0 3 22
90 1080 26 55
90 810 51 58 62
90 90 0 14 45 41
360 450 56 59 9
270 720 30 65
270 270 49 50 56 69
720 810 43 66
540 630 34 32
360 540 4 13 63
540 720 63
270 810 36
360 900 31 25 33
360 630 9
90 180 3
270 990 20
540 540 39
360 810 35
630 720 63
450 810 35
270 900 68 15 42
180 1080 53
180 90 0 49
720 720 63
90 540 46 47 30
450 990 12
180 990 58 1
810 720 63
90 990 58
90 360 64
180 630 24 37 51 5
630 810 43 12
900 720 8
540 990 12
450 540 54 8 38
450 720 61 17 19 68
360 720 61 11
90 720 30
630 630 34 43
540 450 69 16 67
180 270 41 60
270 180 3 40
360 990 20
990 720 38 31 7
180 450 56
180 180 3 64
90 450 60 24 57
90 630 24
270 450 56
360 180 22 6
270 360 6
180 720 30 2
270 1080 53
630 990 66 21 52
450 450 56 34
90 1170 1
360 360 6 44 48 4 54
180 540 46 61
90 900 2 28 26
270 540 4
180 360 40 46
270 630 57 36 35
180 900 2
450 630 9 10 18 23 27
90 270 45 29
180 810 5
450 900 7 53
630 540 39
540 810 35 20
450 360 6 39