40
90 0 6 36 35
90 810 19
90 180 36
180 630 33 5 30
180 360 22 34
270 720 3 21
90 90 0
540 540 27 14 20
90 630 18 19 26
450 720 14 10
360 810 9
180 180 35 22
90 900 21
270 810 30
360 630 7 9
90 360 22 24 25 32
540 450 17 23 38
360 360 22 16 27
90 540 32 8
90 720 8 1
450 630 7 39
180 810 5 12
90 270 11 15 4 28 17
360 540 16
90 450 15
180 450 15
180 720 8
630 450 17 7
270 360 22 29
450 450 28 31
360 720 3 13
270 540 29 37
270 450 15 18
180 540 34 3
360 450 4 33
270 90 0 11
180 90 0 2
270 630 31
450 540 16
540 720 20