50
90 0 44 47 45
90 900 4
90 1080 15
90 450 30 36
90 810 33 1
90 270 43
360 630 8
270 540 34 42
360 540 39 6 9 21 23
450 630 8 19
180 1170 16 13 31 18
360 1080 17 25
90 1260 25
180 1260 10
90 1350 31 41
90 990 24 2 20 27
450 1080 17 10
180 990 24 11 16
360 1260 10 46 49
90 720 9
180 1080 15
540 630 8
180 540 34 28 35
630 630 8 33 38
180 900 37 15 17
90 1170 11 12
180 180 47
270 1080 15
90 630 22
180 270 43 30 32
90 360 29 3
270 1260 10 14
180 360 29 34 39
180 720 23 4
180 450 32 22 7
180 630 22
90 540 3
180 810 38 24
270 720 23 37
270 450 32 8
90 180 44
90 1440 14
270 630 7
270 180 45 5 29
90 90 0 40
270 90 0 43
180 1350 18 48
180 90 0 26
180 1440 46
270 1350 18