80
90 0 62
90 1350 32
90 1620 9 17
90 1980 6
450 1170 60 52 57
360 1170 59 46
90 1890 43 3
90 1170 44
180 630 67 64
180 1530 55 2
360 1440 74
540 1170 42
90 1440 29
90 360 33 36
90 180 62
270 1440 53 78
450 900 22 47
90 1710 2 43
180 810 75
630 1260 68 50 61 74 20
810 1350 19 55 30 79
180 990 24 45 59
360 810 66 16
540 1260 68 29 53
90 900 37 48 21 58
360 990 77 42 56
90 630 67
270 900 28 49
270 810 66 27 76
360 1350 23 12
720 1440 20 54
180 1170 44
360 1260 68 1 40
90 270 72 13
180 1440 53
630 1080 47 68
90 450 13 67
90 810 64 24 77
270 630 67 75 66
270 1170 59
180 1350 32
180 1890 43
450 1080 25 11
90 1800 17 6 41
90 1080 48 7 31
180 1080 21
90 1260 5
540 990 16 35
90 990 24 44
450 990 27
540 1350 19
450 1260 68 69
180 1260 4
450 1350 23 34 15
270 1530 30 70
630 1440 20 9
540 1080 25
270 1260 4
270 990 24 60
270 1080 21 39 5
360 1080 58 4
630 1350 19
90 90 0 14 72
450 1440 74
90 720 8 37
540 1440 74
270 720 38 28 22
90 540 36 26 8 38
630 1170 35 32 51 23 19
270 1350 51
180 1620 54
360 1530 79
180 180 62 33
450 1530 79
720 1350 19 10 63 65
180 720 38 18
360 900 28
180 900 37 25
90 1530 15
810 1440 20 71 73