80
90 0 3
90 1080 59 30
630 1350 76
90 90 0 10 50
450 1710 63 69
270 1080 67
180 1080 59 72
90 270 10
180 1440 55 27
540 1350 64 31
90 180 3 7
270 1440 55 39 49
360 1530 31 29 19
360 1080 67
90 360 26 78
90 990 58
720 1350 79
90 630 22 28
360 1440 48
360 1620 12 36 75
90 1440 60
810 1350 79 43
180 540 78 17 77 45
450 1260 46
450 1440 48
180 720 77
180 270 50 14
90 1530 8 42
90 720 17
270 1620 12 57
90 1170 1 37
540 1440 9 12
720 1080 67 46 74 47
450 1530 43 63
270 1350 71
270 1170 51 65
180 1710 19
90 1260 30 60 61
450 1170 40
180 1530 11
630 1080 67 38 52
630 1260 47 48
90 1620 27
630 1440 21 33
450 1080 67
270 630 22 53
630 1170 32 23 54
810 1170 32 41 64 76 79
450 1350 41 18 24
270 1530 11 73
180 180 3 26
540 1080 67 35 66
540 1170 40 62 71
270 720 45 70
540 1260 46
360 1350 71 8 11
360 1710 63
90 1710 29
90 900 70 15 59 67
180 990 58 1 6
90 1350 37 20
180 1350 37
270 1260 52
450 1620 33 56 4
720 1260 47 9
180 1260 35
360 1170 51
270 990 58 5 13 44 51 40 32
90 540 78
90 1800 4
90 810 53 58
360 1260 52 34 55
180 1170 6
180 1620 49
720 1170 32
270 1710 19
810 1260 47 2
180 630 22 25
90 450 14 68 22
900 1260 47 16 21