70
90 0 56 37
180 270 32 3
90 630 40 9 17 62
180 360 1 47
180 1170 19
360 540 68 7 14 36
90 450 52
270 630 5
360 990 33 28
90 720 2
540 810 50
90 990 13
360 810 45 25
90 900 65 11
360 630 5 55
540 630 21 69
90 1080 20
180 720 2
90 1260 60
450 1080 49 4
270 990 44 16 59
450 540 38 15
180 900 54
90 270 31 52
270 360 26 42
270 900 12 58
270 270 32 24 64
540 1080 49
270 1080 8
450 990 33 35
180 540 42
90 180 37 23
180 180 37 1 26
450 900 46 8 29
180 450 52
360 1080 29 60
450 630 5 50
180 90 0 31 32
720 450 64 21
270 450 52
90 540 47 2 43
360 720 43 57
540 450 24 30
180 630 40 41 45 67
360 900 66 20
450 720 43 54 12
630 810 50 33 63
450 450 3 40
720 810 69 53
540 990 53 19 27
720 720 36 10 46
270 540 68
90 360 23 6 34 39 61
630 900 48 49
270 810 45 22
630 720 14
90 90 0
180 810 41
180 990 25
180 1080 20
90 1170 35 18
360 450 52
270 720 2 65
540 900 46
360 360 26 68 38
90 810 62 13
450 810 67 44
540 720 43 66
630 450 64 51 5
810 720 15 48