80
90 0 36
720 990 66 28 10
540 990 18 76
90 1170 13
270 810 30 50
540 450 43 24 67
180 270 53 57 59 73
630 990 66
90 990 37 35
450 450 43 20
720 1080 1 21 78
180 1170 45 49
450 720 79 69
180 1080 40 3
270 990 61
360 450 43
270 1170 76
90 630 42
630 900 60 2
630 720 79 62 60
270 540 9
540 1170 10
360 270 63 77 43
270 1350 31
360 540 5
90 1350 49
450 810 65 75
360 1170 76
630 1080 1 52
90 720 79
360 720 79 4
180 1260 78 23
180 810 44 37 51 61
180 450 73
90 360 56
90 1080 8
90 90 0 53 63
90 900 32 8
270 270 63 58
90 450 59
180 990 51 13 48
180 1350 49
90 540 74 17
720 360 22 15 9 5
270 720 79 46 32
360 1080 70 11
90 810 44
270 1260 78
270 1080 40
90 1260 11 25 41
360 900 4 68 70
180 900 32 40
450 1170 28
90 180 36 56 6
180 360 56
180 720 79
90 270 53 34 54
270 360 6
540 360 38 74
360 360 6 39
630 810 19 18 66
270 900 32 14
540 810 19
180 180 36 38 22
450 1080 70
540 720 79 26
720 900 60 7 1
450 540 5 79
360 990 50
360 810 12 72
450 990 50 45 64
180 540 74
450 900 69
450 360 6 33
270 450 58 42 71
540 900 26
540 1080 2 16 27
630 360 22
630 1170 10 31 47
180 630 67 29 55 44 30 12 65 19