80
90 0 6
180 1440 4 67
360 450 72 17 40
360 1620 78
180 1350 60 1
360 810 66 7
90 90 0 16 18
180 900 5
270 630 40 10
270 1530 70
270 720 8
270 1170 49 69
450 900 26 65
270 900 58 19 33 44
90 1170 73 36
90 450 72 28
90 180 6
270 540 2 51
180 180 6 59
90 990 13
180 1530 61 35 76
90 720 51
90 630 28
360 720 37
180 540 39
90 1350 60 64
630 810 45 12
180 810 47
90 540 15 22
90 1800 46
90 810 48
270 810 63 54
540 630 40 45
180 990 13
180 1170 73 60
180 1620 20 68
90 1260 14
360 630 40 23 47 75
360 990 55 73
180 450 72 24
360 540 2 8 37 62 32
270 1350 60 61
540 1440 79
360 1440 57
270 990 13
900 720 32 26
180 1710 76 29
450 720 37 27
180 720 51 30
270 1080 65 11
90 1620 67
180 630 17 21 48
540 810 66 55
630 720 62
90 900 31
360 900 52 38
270 450 72
360 1350 60 43 70
450 810 66 13
90 270 18 74 72
180 1260 34 25 4 41 57
270 1440 41 20
450 630 40 53 63 66
720 720 62 31
90 1440 25
450 990 12 77 49
810 720 62 5 58 52
90 1530 1 50
90 1710 35
270 1260 11 79
450 1440 57 9 71 78
360 1530 70
180 360 59 15 39 56 2
90 1080 38 14 34
90 360 59
540 720 37
270 1620 20 46
180 1080 65
450 1530 70 3
450 1350 69 42