70
90 0 63 30
90 810 10
450 990 59 50
270 900 17
360 630 32 7 55
360 270 41
180 810 10 16 24
360 720 4 48
90 180 63 46
450 270 28 53 58
90 720 39 1 6 17
270 450 23 68
270 270 43 21 23
180 1080 27 18
180 630 68
270 180 30
90 900 6
270 810 10 3 19 36 59
90 1170 13
360 900 17 20
180 990 19
270 360 12 35 26
270 990 36
360 360 12 11
180 900 6 42
90 360 46
180 450 21 52
360 990 36 13 40
450 180 30 9
180 1170 50 45 67
180 90 0 15 41 28
540 630 38 69
360 540 54 4
90 1080 42
270 630 68 57 66
90 450 21
450 900 17 22 27
180 270 43 60
540 540 54 61 31
90 630 52 10
270 1080 27
360 180 30 5
90 990 24 33
180 180 63 37 12
270 540 64
90 1260 29
90 270 8 25
540 810 55
450 810 7
360 450 53
360 1080 2 29
540 720 61
90 540 26 39
450 360 9 49
540 450 58 32 62 38
450 720 4 47
360 810 66
180 720 34
540 360 9 64 54
540 900 17 2
180 360 37
450 630 38 51
450 540 54
90 90 0 8 43
450 450 58 44
630 810 69
270 720 34 56
180 1260 29
180 540 11 14 34
630 720 31 65