70
90 0 66 11 2
90 270 64 35 56 50
270 90 0 36 28
450 450 6 18
90 180 11
360 450 50 19 61 8
450 360 33 3
180 900 9 21 54
450 540 5 58 44
180 810 34 7
90 720 44
180 90 0 4 64
90 1620 47 48 31
90 1800 48
270 1080 62 25
90 1260 51 43
270 990 30 65
90 810 53 45
540 540 3 69
270 540 5 27
540 810 55 46
90 990 7
90 1890 32
90 1440 43 47
180 1800 31
180 1170 14
90 450 35 49
90 630 19
360 180 2 33
180 270 36
270 900 57 16
180 1710 12 24 32
270 1800 31 22 68
360 270 28 41 6
270 720 44 9
90 360 1 26
270 180 2 29 40
90 1170 59
270 810 55
360 1080 62 51
270 270 36
360 360 33
450 720 69
90 1350 15 23
270 630 8 10 53 34 55
90 900 17
360 900 20 62
90 1530 23 12
90 1710 12 13
90 540 26
270 360 1 63 5
270 1170 39 15
180 540 67
180 720 44 17
180 990 7 59
360 720 44 38 60 57 20
180 360 1 67
450 810 55 30
180 630 8
90 1080 54 37
360 810 55
360 540 5
360 990 46 14 39
270 450 50
180 180 11 1
180 1080 16
90 90 0
180 450 56 52
180 1890 32
360 630 18 42