60
90 0 31
90 360 35 23 11
180 1620 8
360 1800 28 24
270 1440 50 55
540 1530 38 7 36
90 180 31 35
540 1620 5
270 1530 49 2
450 1440 18 21
270 1710 54 44
180 450 1 42
180 1170 27 56
270 1620 14 22
360 1530 53 13 34 45
180 990 20 27
90 630 42 43 17
180 720 16 58
270 1350 56 19 9 49 53
360 1440 18
90 900 58 57 15
180 1530 9 25
90 1710 13
90 450 1
90 1890 3
90 1620 21
90 1800 47
90 1080 15 48 12
360 1710 37 3
90 1440 50
720 1620 39
90 90 0 6
900 1620 59
180 1440 50
360 1620 14
90 270 6 1
630 1620 5 47
990 1620 59 28
720 1440 41 5 39 59
630 1530 38 30 54
180 1800 47
360 1350 56 38
90 540 11 16
90 720 16
270 1800 10
450 1620 14
450 1530 53
180 1710 36 26 40
90 1170 27 52
540 1440 18 8
90 1350 52 29 33 4
180 1350 56
90 1260 48 50
630 1440 18 14 46
810 1620 39 10
90 1530 4
180 1260 12 51 18 41
90 990 20
90 810 17 20
720 1530 38 32 37