80
1230 1050 1 3 6 10 12 29 53 26 
720 1320 0 2 46 
0 1320 1 4 5 13 59 73 
1410 750 0 20 24 56 10 22 26 27 
330 750 2 11 41 61 59 19 
720 1020 2 7 8 23 31 
1830 1170 0 15 21 49 10 53 
930 990 5 39 68 
840 810 5 9 14 28 30 44 32 57 
900 810 8 54 
1650 990 0 22 26 27 76 6 53 49 3 20 35 
360 540 4 17 19 40 37 38 59 
1200 1020 0 18 79 
30 720 2 34 
1050 1020 8 
1830 1290 6 16 25 33 
1800 1320 15 52 21 
360 510 11 37 
990 810 12 70 
360 750 11 38 65 74 40 4 59 
1470 900 3 10 22 76 27 
1980 1320 6 33 42 16 
1500 870 10 20 3 76 
1020 1020 5 51 
990 330 3 55 72 
1860 1290 15 
1410 960 10 35 62 27 0 3 
1440 900 10 26 20 3 
900 330 8 
1230 720 0 50 
900 300 8 32 57 
870 960 5 
840 210 30 36 8 57 
1860 1230 21 15 
60 720 13 43 73 
1440 930 26 62 10 
930 300 32 
390 540 17 47 11 59 73 67 
540 750 19 63 74 65 11 40 66 59 
960 990 7 
390 600 11 63 38 19 66 74 
270 720 4 48 
1890 1290 21 
90 720 34 45 
810 780 8 71 73 
120 720 43 58 69 73 60 
1260 1320 1 
450 540 37 67 78 59 
240 720 41 64 
1680 1050 6 53 10 
1260 720 29 75 
990 990 23 
1770 1320 16 
1650 1050 49 6 10 0 
930 810 9 
960 330 24 
1320 720 3 
870 270 30 32 8 
150 690 45 60 
720 780 2 78 11 47 4 37 19 38 
180 720 58 45 
180 600 4 
1440 960 26 35 
450 690 38 66 40 
210 720 48 
390 720 19 38 74 
420 690 63 40 74 38 
420 510 47 37 
900 960 7 
150 600 45 
960 810 18 
30 0 44 
960 300 24 
0 30 44 77 37 45 34 2 
390 690 19 38 66 40 65 
1290 720 50 
1500 900 10 22 20 
0 0 73 
480 540 59 47 
1170 1020 12 
