80
1110 1080 1 2 4 10 3 
1140 540 0 3 11 69 32 58 
0 1110 0 5 7 8 
1500 1080 1 6 22 38 64 58 0 
1110 300 0 19 34 
30 1050 2 15 41 59 14 79 
1260 900 3 9 16 30 33 55 
0 30 2 18 29 35 57 54 15 39 56 
1770 1110 2 20 27 19 24 
1230 870 6 62 
1080 1050 0 12 21 31 37 68 74 18 40 70 
1140 870 1 
600 990 10 13 14 47 49 68 74 
780 990 12 
150 1050 12 17 79 5 29 50 
30 600 5 25 7 73 
1260 870 6 
180 900 14 26 50 53 73 57 
660 630 7 28 51 10 43 40 60 
1950 1110 4 23 72 8 
1650 990 8 24 
840 990 10 71 
1530 960 3 58 
1110 270 19 70 
1620 990 20 32 36 8 27 
210 810 15 
180 810 17 
1620 1020 8 58 48 24 
30 0 18 61 
390 960 7 46 54 14 50 45 
1320 1020 6 44 
750 780 10 40 68 
1140 510 24 1 
1290 1020 6 65 
1680 900 4 
510 930 7 39 63 42 
1650 960 24 67 78 
630 1050 10 
1560 1080 3 48 
480 900 35 42 54 7 
750 750 31 43 60 10 18 
90 1020 5 
450 930 39 45 63 54 35 
690 720 40 51 18 49 60 
1350 1020 30 66 
420 930 42 29 54 
420 960 29 
600 1050 12 
1620 1080 38 52 27 
570 960 12 56 63 43 51 
360 930 17 29 57 14 
660 690 43 18 49 
1650 1080 48 
270 870 17 57 73 
420 840 29 42 7 39 45 
1140 1050 6 
540 930 49 63 7 
330 900 53 73 7 50 17 
1530 930 27 3 1 22 64 
60 990 5 79 
720 720 40 18 43 
0 0 28 
1200 870 9 77 
540 960 56 75 42 49 35 
1560 990 3 58 
1290 1050 33 
1380 1050 44 
1650 900 36 
750 810 12 74 10 76 31 
1290 870 1 
1080 270 23 10 
810 990 21 
1710 960 19 
270 840 57 17 53 15 
780 900 68 76 10 12 
510 960 63 
810 900 74 68 
1170 870 62 
1680 960 36 
60 960 14 59 5 
