80
420 1530 1 2 3 4 41 44 60 67 57 
750 1530 0 17 19 53 
720 1080 0 5 6 8 10 12 32 63 42 51 29 70 26 48 41 43 
270 1530 0 7 60 
120 1230 0 13 67 39 
720 450 2 16 42 61 21 
840 900 2 25 29 58 75 26 
150 1590 3 11 18 36 49 23 44 65 
1350 1410 2 9 15 16 22 34 59 42 61 32 38 
1020 1500 8 22 24 27 66 50 
750 840 2 26 
270 1590 7 28 30 
240 600 2 14 40 73 
90 1200 4 52 70 55 
210 600 12 37 45 73 
1380 1290 8 34 61 59 38 46 
1710 1440 5 20 33 59 66 8 22 61 21 30 
750 1410 1 19 
180 1380 7 23 44 49 
870 1440 17 31 48 53 1 
1080 900 16 21 61 33 64 
1050 810 20 64 16 61 5 33 
1350 1470 9 16 8 66 
180 1410 18 44 65 7 
990 1470 9 27 
930 990 6 42 75 63 
780 870 10 6 2 
990 1530 24 50 9 53 
270 1560 11 
840 960 6 2 75 
1920 1620 11 35 54 56 16 
870 1500 19 71 
990 1080 2 8 42 
1110 900 16 20 21 
1440 1380 15 38 8 59 
1770 1530 30 50 
120 1620 7 39 78 
0 600 14 72 79 39 74 45 47 69 
1410 1350 34 46 15 8 
0 1620 36 51 55 37 68 4 
240 0 12 
750 1380 0 43 48 2 
990 1050 25 63 5 2 8 61 32 
780 1350 41 2 
270 1470 23 57 60 49 18 0 7 65 
180 570 14 47 69 73 37 79 
1380 1320 38 15 
30 420 45 74 37 79 
810 1380 19 41 2 
150 1320 7 67 57 44 18 
1740 1530 27 66 9 35 
30 630 39 68 2 55 77 
60 1200 13 
960 1530 19 27 1 
1890 1620 30 
60 1170 39 77 51 70 68 13 
300 0 30 62 
300 1470 44 49 67 0 
810 870 6 
1500 1410 16 15 8 34 
270 1500 44 0 3 
1020 900 20 15 16 5 42 64 8 21 
270 0 56 
840 1020 42 2 25 
1050 870 21 61 20 
180 1440 23 7 44 
1710 1500 50 16 9 22 
150 1290 49 4 0 57 
30 1140 51 55 39 
90 540 45 37 
90 750 13 55 2 
900 1500 31 
30 480 37 76 
180 540 45 12 14 
0 390 47 37 
870 960 6 25 29 
60 480 72 
90 720 55 51 
150 1620 36 
90 510 37 45 47 
