80
60 270 1 3 4 5 17 19 12 76 
1650 1860 0 2 9 14 42 68 25 5 
1830 1830 1 25 28 14 
720 1140 0 10 47 61 68 75 15 70 
120 720 0 
30 1860 0 6 7 11 13 16 39 15 22 38 73 58 75 9 45 1 10 
90 810 5 12 
30 1890 5 8 31 53 
0 1950 7 18 
1500 1830 1 27 30 60 5 
1380 1800 3 15 20 40 65 22 5 
60 720 5 52 
270 840 6 0 34 38 
90 990 5 24 
1710 1680 1 33 66 26 2 25 49 50 
90 1170 10 55 5 3 
90 1590 5 21 29 37 41 22 43 46 23 55 
420 840 0 34 
30 1950 8 57 
180 780 0 76 
510 1620 10 22 36 56 35 74 37 
150 1710 16 23 46 
270 1770 20 32 35 74 16 36 5 10 
180 1740 21 16 46 
120 990 13 34 48 
1860 1860 2 26 14 1 
1920 1890 25 54 69 14 
1410 1740 9 
1800 1800 2 51 
210 1410 16 43 
1440 1800 9 
2010 1950 7 57 
210 1740 22 
60 90 14 49 50 
420 990 24 38 45 48 79 17 12 
570 1770 22 44 20 74 
510 1710 20 22 74 
330 1440 16 59 67 72 20 
90 870 34 5 12 
90 780 5 58 
1380 1740 10 
90 1740 16 46 
750 990 1 
210 1380 29 63 16 55 67 
600 1770 35 
90 900 34 5 
120 1740 41 16 21 23 
510 960 3 70 
120 960 34 24 
30 0 33 73 14 50 
90 90 33 49 14 
1770 1800 28 
90 720 11 
60 1890 7 
1950 1890 26 
90 1350 15 64 78 63 43 16 
630 1770 20 
1980 1950 18 31 
60 750 39 5 
240 1350 37 72 
1500 1800 9 68 
90 1020 3 62 75 
150 1110 61 
180 1350 43 78 55 
120 1290 55 78 
1410 1800 10 
1740 1800 14 
240 1410 37 43 
750 1020 1 3 60 
1890 1890 26 
510 990 47 71 3 
480 990 70 
270 1410 59 37 
30 90 49 5 
540 1740 22 20 35 36 
90 1110 61 77 5 3 
210 780 19 0 
120 1110 75 
150 1320 63 64 55 
450 990 34 
