50
0 1320 1 2 4 10 8 15 30 27 5 44 
30 300 0 3 11 24 8 36 
60 840 0 5 7 8 41 15 27 
450 630 1 6 22 38 29 24 46 9 
0 30 0 19 34 22 10 23 
150 1230 2 15 41 6 0 25 7 44 30 
690 990 3 9 16 30 33 5 29 12 7 46 
180 960 2 18 29 35 24 28 8 6 20 42 5 45 39 
30 480 2 20 27 7 0 24 1 36 32 
720 930 6 10 16 33 38 3 
1350 1320 0 12 21 31 37 9 17 16 38 30 48 26 4 
30 270 1 
900 1170 10 13 14 47 49 16 30 6 17 21 
750 1080 12 30 49 
900 1230 12 17 
60 1200 5 25 0 41 2 
750 990 6 12 9 10 33 
930 1260 14 26 30 10 12 
390 810 7 28 29 
30 30 4 23 
210 720 8 24 7 32 
960 1260 10 12 
90 270 3 4 
0 0 19 4 
330 750 20 32 36 28 7 1 8 3 
90 1200 15 5 41 
930 1290 17 30 10 
30 810 8 0 2 
360 780 18 24 7 
510 840 7 46 3 6 18 42 
720 1290 6 44 17 13 12 0 26 49 10 5 47 
750 810 10 40 38 43 48 
240 720 24 8 20 
720 960 6 9 16 
60 270 4 
600 960 7 39 
60 480 24 8 1 
60 30 10 
750 930 3 48 31 40 10 43 9 
570 930 35 42 7 
810 900 31 43 38 48 
90 1170 5 2 15 25 
540 900 39 45 7 29 
780 870 40 38 31 
150 1260 30 0 5 
510 870 42 7 
540 840 29 3 6 
750 1140 12 30 
840 930 38 10 31 40 
750 1110 12 30 13 
