40
30 570 1 2 9 15 35 
90 510 0 3 17 19 
570 570 0 4 5 
120 180 1 12 14 16 31 
930 780 2 6 8 10 19 33 
540 540 2 7 13 18 22 32 
270 120 4 25 27 
360 390 5 34 24 
90 780 4 20 33 
0 570 0 10 
0 600 4 11 33 9 
0 780 10 
150 120 3 
510 540 5 
120 0 3 
90 540 0 
150 150 3 
240 510 1 
300 510 5 23 24 28 
240 210 1 21 38 4 
60 780 8 36 
180 150 19 
450 510 5 28 29 24 
270 510 18 
300 450 18 26 32 7 22 34 
240 120 6 30 
360 450 24 
150 0 6 
330 510 22 18 
390 450 22 
210 120 25 37 
150 180 3 
300 300 24 5 
120 750 8 10 4 
330 360 7 24 
30 480 0 39 
30 780 20 
180 120 30 
180 180 19 
60 480 35 
