70
840 1560 1 3 6 10 12 29 22 50 24 56 53 
1110 1740 0 2 46 44 12 4 29 50 41 21 
60 1890 1 4 5 13 59 41 64 23 48 34 
240 1200 0 20 24 56 39 5 53 
1500 1860 2 11 41 61 59 16 1 21 40 6 42 64 45 17 15 38 
210 1710 2 7 8 23 31 28 57 32 30 13 3 36 
240 750 0 15 21 49 10 22 42 4 29 33 53 27 26 
240 1380 5 39 68 55 24 
330 1590 5 9 14 28 30 44 12 32 36 
360 1650 8 54 28 44 
420 1170 0 22 26 27 53 6 49 62 
1560 1560 4 17 19 40 38 63 37 65 61 59 
420 1590 0 18 57 44 30 1 8 
60 1560 2 34 5 
270 1560 8 32 36 
60 540 6 16 25 45 43 34 4 
150 510 15 52 4 45 
1560 1800 11 37 40 67 4 
270 1470 12 30 57 
1770 1800 11 38 65 66 63 
270 1290 3 
1110 1710 6 33 42 4 1 
450 1170 10 0 6 
120 1680 5 51 31 2 
330 1350 3 55 0 56 7 
30 510 15 43 34 
330 1110 10 35 62 27 49 6 
360 1110 10 26 6 
330 1710 8 44 9 5 54 
870 1500 0 50 1 6 46 
240 1470 8 32 57 12 18 5 
150 1680 5 23 
240 1500 30 36 5 14 8 
1140 1680 21 42 6 
0 1890 13 43 15 2 25 
300 1080 26 
240 1560 32 8 14 5 
1590 1740 17 47 40 11 67 
1830 1860 19 63 66 11 4 
300 1320 7 3 
1680 1830 11 17 37 67 47 4 
1110 1770 4 48 2 64 1 
1170 1710 21 33 6 4 
0 30 34 45 15 58 25 
510 1710 8 28 1 12 9 54 
150 120 43 58 69 15 16 59 4 
900 1560 1 29 50 
1620 1800 37 67 40 
1110 1800 41 64 2 
270 1140 6 53 10 26 62 
870 1560 29 1 0 46 
90 1650 23 
150 540 16 
240 1170 49 10 6 3 0 
360 1680 9 28 44 
330 1380 24 7 
360 1350 3 0 24 
240 1410 30 12 18 5 
30 30 45 60 43 69 
1920 1890 2 4 45 11 
0 0 58 
1530 1530 4 11 
330 1140 26 49 10 
1710 1830 38 66 19 11 65 
1140 1830 48 41 4 2 
1740 1770 19 11 63 
1770 1830 63 19 38 
1590 1800 47 40 17 37 
240 1290 7 
60 30 45 58 
