70
150 900 1 2 4 10 20 
0 960 0 3 11 69 4 19 34 66 
750 870 0 5 7 8 17 25 15 41 27 44 
60 300 1 6 22 38 64 19 30 20 23 
90 840 0 19 34 1 
780 480 2 15 41 59 17 25 
390 630 3 9 16 30 33 55 8 62 65 
930 870 2 18 29 35 46 
630 840 2 20 27 6 44 55 30 16 32 58 
420 720 6 62 55 
1680 900 0 12 21 31 37 40 43 41 
150 930 1 69 
1140 420 10 13 14 47 49 68 56 21 35 
1140 810 12 56 49 
960 240 12 17 21 
810 600 5 25 2 
540 810 6 55 8 33 
930 630 14 26 50 53 5 2 21 54 47 
1410 870 7 28 31 
60 810 4 23 1 3 
180 840 8 24 22 0 32 3 
960 210 10 41 14 12 17 
210 630 3 20 36 24 38 
90 750 19 3 
210 780 20 32 36 48 22 55 52 
780 570 15 2 5 
1020 780 17 
690 840 8 58 44 2 
1380 840 18 61 39 
960 810 7 46 54 
90 300 6 44 8 3 
1440 870 10 40 18 
210 810 24 55 20 8 
510 780 6 65 62 55 16 
90 870 4 1 
1260 840 7 39 68 49 47 12 
270 720 24 67 22 48 38 52 
1740 960 10 
300 720 3 48 22 36 
1290 750 35 42 28 
1440 840 31 43 60 68 10 
780 0 5 21 10 2 
1290 840 39 45 
1470 780 40 51 10 
90 210 30 66 27 8 58 2 
1320 840 42 
930 750 29 7 54 
1110 810 12 53 35 17 
360 780 38 52 24 36 55 
1230 810 12 56 13 35 
870 600 17 
1500 840 43 
270 750 48 24 36 
1080 810 17 57 54 47 
990 810 29 53 46 17 
390 810 6 32 8 24 16 33 62 48 9 
1170 780 49 63 12 13 
1050 780 53 
660 810 27 44 8 
840 600 5 
1470 840 40 
1350 840 28 
450 750 9 33 6 55 
1200 780 56 
30 270 3 
480 750 33 6 
0 120 44 1 
240 690 36 
1290 690 12 35 40 
180 960 1 11 
