60
1320 1260 1 2 9 15 35 6 39 27 46 
1020 1230 0 3 17 19 21 38 
630 810 0 4 5 39 58 36 
780 1020 1 12 14 16 31 42 19 38 
150 120 2 6 8 10 46 39 58 55 57 22 36 
600 1230 2 7 13 18 22 49 36 29 24 47 42 56 23 28 
180 120 4 25 27 0 55 
630 990 5 34 
180 840 4 20 33 53 24 26 57 29 36 
1350 1260 0 
120 90 4 11 22 
60 30 10 52 15 
690 990 3 
630 1230 5 
780 1230 3 
30 1260 0 43 52 22 40 11 
690 960 3 50 
870 1170 1 48 19 21 
420 1080 5 23 24 47 56 26 
810 1230 1 21 38 17 48 3 
330 960 8 36 56 45 44 26 
870 1200 19 1 17 
90 1230 5 28 29 40 51 10 4 15 57 
450 1140 18 47 5 
240 1170 18 26 32 8 29 47 5 
180 30 6 30 
270 1050 24 44 56 8 20 18 
780 750 6 55 0 46 
210 1200 22 29 5 
210 1170 22 24 5 51 8 28 
1440 1290 25 37 54 
810 1020 3 
420 1170 24 47 
150 1110 8 41 57 51 
660 990 7 
720 810 0 39 46 
240 420 20 5 56 8 2 4 
30 1290 30 
840 1110 19 48 1 3 
690 810 35 58 46 2 4 0 
60 1200 22 15 
180 1140 33 51 
630 870 3 5 
0 1290 15 
330 1020 26 45 20 
360 1020 44 20 
720 780 4 59 39 55 0 35 27 
420 1140 23 24 18 5 32 
840 1140 17 38 19 
630 960 5 50 
660 960 49 16 
150 1140 41 22 29 33 
30 0 11 15 
210 390 8 
1380 1260 30 
750 720 27 46 4 6 
420 1050 26 20 36 18 5 
150 810 33 4 8 22 
660 780 39 2 4 
780 780 46 
