40
0 930 1 3 6 10 12 29 2 7 5 18 23 16 
420 480 0 2 
420 390 1 4 5 13 6 0 11 29 34 
990 930 0 20 24 5 7 
270 240 2 11 
540 510 2 7 8 23 31 3 0 34 
300 330 0 15 21 2 29 11 33 
900 900 5 39 8 0 3 28 18 
600 600 5 9 14 28 30 32 36 12 7 39 18 
690 870 8 28 32 
30 210 0 22 26 27 
240 240 4 17 19 21 16 6 15 33 2 
540 840 0 18 8 
450 480 2 34 
810 840 8 28 32 30 
180 300 6 16 25 21 11 
0 30 15 37 11 17 0 
30 30 11 37 16 
630 870 12 39 0 8 7 
240 210 11 38 20 
270 210 3 19 
240 300 6 33 11 15 
120 300 10 
540 570 5 31 0 
1020 930 3 
150 300 15 
30 300 10 35 
90 300 10 
840 870 8 14 32 9 7 
300 360 0 6 2 
780 810 8 32 14 36 
570 570 5 23 
720 840 30 36 8 28 14 9 
270 300 21 11 6 
480 480 13 5 2 
60 300 26 
750 780 32 8 30 
0 0 17 16 
240 150 19 
660 870 7 8 18 
