60
750 1320 1 3 4 5 17 19 32 9 26 25 54 
480 1260 0 2 9 14 42 28 51 33 27 25 
510 1170 1 25 28 51 22 
0 1260 0 10 47 59 9 
30 1320 0 
960 1290 0 6 7 11 13 16 39 8 23 21 12 58 31 
1140 1200 5 12 23 21 58 
870 1200 5 8 31 53 
870 1260 7 18 5 31 
30 1260 1 27 30 20 10 0 15 3 42 
30 930 3 15 20 40 9 55 
1020 1080 5 52 21 16 
1140 1230 6 5 23 
1230 1290 5 24 23 
390 1170 1 33 
90 1050 10 55 20 9 40 
1020 1020 5 21 29 37 41 24 11 52 23 59 
960 1320 0 
840 1260 8 57 
780 1260 0 
180 1080 10 22 36 56 9 27 33 15 40 49 
1080 1110 16 23 11 6 52 5 58 
210 870 20 32 35 2 36 
1230 1260 21 6 13 24 5 12 16 
1380 1290 13 34 16 23 29 
600 1260 2 26 0 28 1 
600 1230 25 54 0 
180 1170 9 20 33 56 1 
540 1230 2 51 1 25 
1110 1020 16 43 48 38 46 41 24 
180 1200 9 42 
900 1260 7 5 8 
240 810 22 0 
360 1170 14 49 50 36 20 27 56 1 
1470 1290 24 38 45 48 43 
210 600 22 44 
210 1050 20 33 49 22 
0 0 16 59 
1110 930 34 29 
1080 1170 5 58 
120 1050 10 15 20 
1050 990 16 46 29 
210 1230 1 9 30 
1140 1020 29 34 48 
240 600 35 
1500 1320 34 
1050 960 41 29 
0 1320 3 
1140 990 34 29 43 
210 1080 33 36 20 
240 1050 33 
510 1200 28 1 2 
1050 1080 11 21 16 
270 600 7 
600 1200 26 0 
60 1020 15 10 
210 1140 20 27 33 
810 1260 18 
1080 1140 39 5 21 6 
0 30 37 3 16 
