90
270 1470 1 2 9 15 35 43 12 84 36 
270 630 0 3 17 19 61 87 21 38 7 5 48 
240 1590 0 4 5 60 36 
840 1200 1 12 14 16 31 42 70 17 61 88 35 48 
240 2040 2 6 8 10 46 30 37 78 
240 240 2 7 13 18 22 49 1 36 
480 1830 4 25 27 
300 570 5 34 1 
1890 1890 4 20 33 53 89 72 
1020 1470 0 63 58 39 84 
210 2040 4 11 77 
180 2010 10 52 
330 1260 3 0 35 
390 510 5 
1380 1470 3 73 35 22 31 
300 1140 0 43 
840 1140 3 
690 1110 1 48 3 19 
0 0 5 23 24 
660 1110 1 21 38 69 87 65 80 61 17 
1860 1860 8 36 62 78 
450 1080 19 1 87 61 
1110 1200 5 28 29 40 83 14 34 
0 2070 18 47 
60 2070 18 26 32 64 
450 1800 6 30 60 
2190 2070 24 44 56 
1740 1830 6 55 
870 1140 22 
1080 1200 22 
270 1650 25 37 54 60 4 67 
900 1290 3 14 35 
90 2010 24 82 
2040 2040 8 41 57 
330 570 7 22 
870 1290 0 39 14 12 3 31 
1500 1500 20 86 0 5 2 
300 1770 30 67 46 4 
510 960 19 65 80 85 87 1 69 
870 1380 35 58 84 63 9 74 
420 510 22 
2070 2040 33 51 66 
870 1200 3 
330 1170 15 76 0 
2220 2070 26 45 
2130 1980 44 81 
330 1800 4 59 54 37 
30 2070 23 
720 1110 17 1 3 
330 540 5 50 
360 540 49 
2070 1980 41 
150 2010 11 
1920 1950 8 72 79 
390 1800 30 75 46 
1770 1830 27 
2160 2040 26 68 
1980 2040 33 
930 1380 39 74 9 
330 1770 46 
270 1620 2 25 30 
420 1110 1 70 19 3 88 21 
1800 1830 20 
900 1440 9 39 84 
90 2040 24 
540 1080 38 80 85 19 69 
2100 2040 41 
270 1740 37 30 
2130 2040 56 
510 1080 19 87 38 65 
420 1170 3 71 88 61 
390 1170 70 
1980 2010 53 79 89 8 
1410 1470 14 
900 1350 58 39 
360 1770 54 
360 1170 43 
180 2040 10 
480 1860 20 4 
1920 1980 72 53 
600 1080 65 38 85 19 
2100 1980 45 
120 2010 32 
390 540 22 
870 1440 39 0 63 9 
570 1050 65 38 80 
1440 1470 36 
480 1080 19 1 69 38 21 
450 1170 70 3 61 
1890 2040 72 8 
