40
900 870 1 2 9 15 35 39 
360 330 0 3 17 19 
30 870 0 4 5 
420 570 1 12 14 16 31 
60 690 2 6 8 10 19 33 
0 510 2 7 13 18 22 32 28 23 34 24 19 
600 600 4 25 27 9 
90 240 5 34 24 
60 840 4 20 33 
720 720 0 10 39 6 15 
210 840 4 11 33 9 15 
180 840 10 
450 540 3 
0 870 5 
450 570 3 
750 840 0 10 9 
390 540 3 
330 300 1 
0 30 5 23 24 28 29 26 
60 570 1 21 38 4 5 
90 840 8 36 
360 540 19 
90 180 5 28 29 24 34 
30 120 18 28 5 
270 270 18 26 32 7 22 34 5 29 
540 540 6 30 
0 0 24 18 
480 570 6 
60 150 22 18 23 5 29 
90 150 22 18 28 24 
510 540 25 37 
390 570 3 
300 300 24 5 
90 750 8 10 4 
90 210 7 24 5 22 
810 840 0 39 
150 840 20 
480 540 30 
360 570 19 
780 840 35 9 0 
