70
60 1890 1 2 3 4 41 7 43 
1800 1890 0 17 53 
90 1740 0 5 6 8 10 12 32 16 26 59 21 20 64 
960 1800 0 7 
960 1770 0 13 39 51 35 12 7 14 
570 1710 2 16 6 12 
270 1320 2 25 29 58 12 40 14 59 5 8 16 32 37 46 38 
1800 1830 3 11 18 36 49 44 51 68 53 0 4 54 19 13 8 30 
90 210 2 9 15 69 34 19 25 14 45 47 6 30 11 38 32 7 
0 120 8 22 24 50 43 
330 1650 2 26 20 16 33 
1080 1230 7 28 30 8 
600 1740 2 14 40 6 4 5 
1110 1770 4 52 39 7 
840 1740 12 37 45 63 58 8 25 6 47 40 69 4 35 
150 1290 8 34 
540 1680 5 20 33 59 21 2 61 10 6 29 
1920 1890 1 19 53 31 
1050 1440 7 23 36 57 44 39 55 68 65 
210 180 17 31 48 53 8 7 
300 1560 16 21 61 10 26 33 2 
300 1500 20 64 59 16 61 2 
120 120 9 
1140 1590 18 44 65 57 60 36 
90 90 9 27 50 66 
300 1200 6 42 8 63 14 58 
300 1620 10 2 20 
30 60 24 50 66 
1050 1200 11 
300 1440 6 16 
960 1230 11 35 54 56 8 7 
1860 1860 19 53 17 
120 1290 2 6 8 
360 1650 16 20 10 
180 1290 15 38 8 
930 1740 30 4 14 
1080 1710 7 39 18 44 60 49 67 55 65 23 
300 1320 14 58 6 
210 1290 34 46 8 6 
1020 1740 36 51 55 52 68 18 4 13 
630 1710 12 6 14 
30 1860 0 43 
330 1260 25 63 58 
0 1890 41 9 0 
1230 1650 23 57 60 36 7 18 67 49 
900 1170 14 47 69 8 
240 1290 38 6 
870 1140 45 8 14 
150 120 19 
1260 1710 7 67 44 36 
0 60 27 66 9 24 
1020 1350 39 68 7 4 
1080 1740 13 39 
1830 1860 19 7 17 31 1 
1020 1320 30 7 
1050 1680 39 18 36 
990 1200 30 62 
1170 1590 44 18 23 
300 1290 6 14 42 63 25 37 
270 1440 16 21 2 6 64 
1140 1620 44 36 23 
330 1560 20 16 21 
1020 1200 56 
360 1290 42 14 25 58 
270 1470 21 59 2 
1110 1560 23 36 18 
0 0 50 24 27 
1230 1680 49 44 36 
1050 1410 51 39 7 18 
930 1200 45 8 14 
