60
690 930 1 2 9 15 35 6 
0 240 0 3 17 19 21 
690 990 0 4 5 39 58 
0 1020 1 12 14 16 31 42 
1170 1020 2 6 8 10 46 39 
660 990 2 7 13 18 22 49 
900 750 4 25 27 0 
90 510 5 34 
120 1020 4 20 33 53 24 
900 900 0 
960 840 4 11 
930 840 10 52 
30 510 3 
60 450 5 
30 450 3 
900 870 0 43 52 
30 420 3 
0 0 1 48 19 21 
210 900 5 23 24 
30 120 1 21 38 17 
90 990 8 36 
150 150 19 1 17 
420 870 5 28 29 40 51 
270 990 18 47 
180 990 18 26 32 8 29 
240 150 6 30 
210 870 24 44 56 
270 120 6 55 
270 840 22 
180 720 22 24 
210 150 25 37 54 
30 990 3 
210 990 24 
180 690 8 41 57 
60 510 7 
930 930 0 39 
60 990 20 
180 150 30 
60 120 19 48 
990 990 35 58 46 2 4 
390 870 22 
210 690 33 51 
30 1020 3 
930 870 15 
210 840 26 45 
240 840 44 
1050 960 4 59 39 
240 990 23 
90 120 17 38 
90 420 5 50 
60 420 49 
240 690 41 22 
900 840 11 15 
90 1020 8 
210 120 30 
240 120 27 
240 870 26 
150 660 33 
720 960 39 2 
960 870 46 
