40
0 510 1 2 9 15 35 39 8 19 4 
180 720 0 3 17 19 12 16 
0 0 0 4 5 39 35 
30 600 1 12 14 16 31 
420 510 2 6 8 10 19 33 0 5 
450 450 2 7 13 18 22 32 28 23 34 24 19 26 4 
210 300 4 25 27 9 
540 360 5 34 24 
90 480 4 20 33 0 36 
90 300 0 10 39 6 15 
240 450 4 11 33 9 15 
150 420 10 
30 570 3 1 
450 510 5 
90 690 3 16 31 
90 330 0 10 9 
30 690 3 31 14 1 
0 720 1 
480 180 5 23 24 28 29 26 
1050 720 1 21 38 4 5 0 
120 420 8 36 
780 450 19 
540 300 5 28 29 24 34 
480 240 18 28 5 
660 390 18 26 32 7 22 34 5 29 
120 210 6 30 27 
750 450 24 18 5 
150 270 6 25 30 37 
510 270 22 18 23 5 29 
540 270 22 18 28 24 
120 240 25 37 27 
60 660 3 16 14 
660 420 24 5 
120 480 8 10 4 
540 330 7 24 5 22 
30 240 0 39 2 
90 390 20 8 
120 270 30 27 
480 510 19 
60 270 35 9 0 2 
