70
150 900 1 2 3 4 41 
240 270 0 17 
240 870 0 5 6 8 10 12 32 16 
30 900 0 7 
240 900 0 13 
450 840 2 16 
300 420 2 25 29 58 12 
0 900 3 11 18 36 49 44 
960 870 2 9 15 69 34 19 
990 870 8 22 24 
300 510 2 26 
0 120 7 28 30 
420 540 2 14 40 6 
270 900 4 52 
720 750 12 37 45 63 
90 0 8 34 
420 810 5 20 33 59 21 2 
270 270 1 19 
120 1050 7 23 36 57 44 
300 270 17 31 48 53 8 
540 810 16 21 61 
480 750 20 64 59 16 
1020 870 9 
90 1020 18 44 65 
990 720 9 27 
330 420 6 42 
330 510 10 
1020 720 24 50 
0 30 11 
360 510 6 
30 120 11 35 54 56 
90 120 19 
240 390 2 
420 720 16 
90 30 15 38 8 
60 120 30 
210 1110 7 39 18 44 
630 810 14 
60 30 34 46 
1320 1110 36 51 55 52 68 
600 810 12 
120 870 0 43 
360 420 25 63 
90 870 41 
0 1110 23 57 60 36 7 18 
780 810 14 47 69 
30 30 38 
750 810 45 
90 90 19 
30 870 7 67 
1410 1110 27 66 
1050 870 39 68 
300 900 13 39 
90 60 19 
60 90 30 
1350 1110 39 
30 60 30 62 
120 1080 44 18 
270 390 6 
480 780 16 21 
30 990 44 
570 810 20 
60 60 56 
390 420 42 14 
450 720 21 
60 990 23 
1380 1110 50 
60 870 49 
1020 810 51 39 
810 810 45 8 
