80
810 990 1 2 4 10 3 19 
390 570 0 3 11 69 32 58 64 36 
0 1050 0 5 7 8 19 27 
150 930 1 6 22 38 64 58 0 48 52 
840 960 0 19 34 
1470 1020 2 15 41 59 14 79 
390 930 3 9 16 30 33 55 77 62 
1920 1050 2 18 29 35 57 54 15 39 56 25 63 28 75 73 
30 330 2 20 27 19 24 
390 690 6 62 
1020 990 0 12 21 31 37 68 74 18 40 70 14 76 19 
540 780 1 
1200 840 10 13 14 47 49 68 74 43 
1260 600 12 
1320 960 12 17 79 5 29 50 10 41 21 
1500 990 5 25 7 73 
600 810 6 
1380 780 14 26 50 53 73 57 
1050 150 7 28 51 10 43 40 60 49 
0 30 4 23 72 8 2 10 0 
60 330 8 24 
1200 930 10 71 14 
180 510 3 58 64 
0 0 19 70 
90 360 20 32 36 8 27 58 
1500 1020 15 7 
1500 930 17 73 
30 960 8 58 48 24 2 
2010 1050 18 61 7 
1380 690 7 46 54 14 50 45 57 
720 930 6 44 
1050 720 10 40 68 43 
120 390 24 1 58 
480 780 6 65 62 
870 960 4 
1470 690 7 39 63 42 
180 360 24 67 78 1 
1050 120 10 
150 960 3 48 
1440 690 35 42 54 7 
1050 300 31 43 60 10 18 
1320 990 5 14 
1440 660 39 45 63 54 35 
1110 330 40 51 18 49 60 31 68 12 
660 900 30 66 
1410 630 42 29 54 
1290 600 29 
1230 900 12 
90 960 38 52 27 3 58 
1260 450 12 56 63 43 51 18 
1380 720 17 29 57 14 
1140 330 43 18 49 
120 900 48 3 58 
1410 780 17 57 73 
1410 690 29 42 7 39 45 
600 900 6 
1290 420 49 63 7 
1410 750 53 73 7 50 17 29 
90 390 27 3 1 22 64 24 48 32 52 
1380 960 5 79 
1080 300 40 18 43 
1080 120 28 
420 720 9 77 33 6 
1440 630 56 75 42 49 35 7 
210 540 3 58 22 1 
510 780 33 
630 900 44 
120 330 36 78 
1110 750 12 74 10 76 31 43 
570 780 1 
30 0 23 10 
1200 900 21 
900 960 19 
1590 960 57 17 53 15 26 7 
1140 810 68 76 10 12 
1470 630 63 7 
1110 780 74 68 10 
420 750 62 6 
120 300 36 67 
1380 930 14 59 5 
