50
600 570 1 2 9 15 35 41 39 33 29 
630 210 0 3 17 19 22 47 48 14 29 
30 570 0 4 5 29 9 15 35 46 
690 480 1 12 14 16 31 42 22 17 48 
60 540 2 6 8 10 46 25 
30 810 2 7 13 18 22 49 29 34 28 23 40 
90 450 4 25 27 37 30 46 
630 660 5 34 49 13 22 40 
330 540 4 20 33 41 15 36 43 
60 90 0 2 35 15 39 
240 510 4 11 46 25 
270 510 10 46 43 
750 570 3 42 14 31 
630 630 5 7 22 29 
660 600 3 22 12 16 42 1 
60 120 0 43 8 2 46 33 9 
690 540 3 14 
720 450 1 48 3 
30 840 5 23 24 
1200 780 1 21 38 23 47 
390 510 8 36 33 41 
1110 750 19 38 47 
1050 780 5 28 29 40 23 7 13 1 3 14 42 47 48 
1260 840 18 47 19 22 28 5 
30 870 18 26 32 
210 480 6 30 46 37 10 4 
60 900 24 44 
120 390 6 37 46 
1050 810 22 5 23 
630 600 22 2 5 13 0 1 
150 450 25 37 6 
720 540 3 12 
0 900 24 
360 450 8 41 20 15 36 0 
630 690 7 49 5 
30 0 0 39 2 9 
360 480 20 8 33 
150 420 30 46 25 27 6 
1110 720 19 21 
90 90 35 0 9 
690 750 22 7 5 49 
420 540 33 8 20 0 
780 600 3 22 12 14 
300 510 15 46 8 11 
1290 900 26 45 
1320 900 44 
60 270 4 43 10 37 15 11 2 25 6 27 
1080 780 23 1 22 19 21 
750 480 17 1 3 22 
660 720 5 7 34 40 
