80
0 510 1 3 6 10 12 29 53 
120 1110 0 2 46 
1680 1110 1 4 5 13 59 
60 510 0 20 24 56 
1230 690 2 11 41 61 59 
1020 450 2 7 8 23 31 
60 180 0 15 21 49 10 53 
990 420 5 39 68 
840 660 5 9 14 28 30 44 
810 660 8 54 
690 660 0 22 26 27 76 6 53 
1260 780 4 17 19 40 37 38 59 
0 90 0 18 79 
1740 1110 2 34 
750 600 8 
210 480 6 16 25 
240 480 15 52 
1260 990 11 37 
30 90 12 70 
1380 930 11 38 65 74 40 
180 480 3 
120 450 6 33 42 
720 660 10 
1020 420 5 51 
360 510 3 55 72 
240 420 15 
120 90 10 35 62 
720 600 10 
720 540 8 
0 1110 0 50 
1020 660 8 32 57 
1050 450 5 
1050 660 30 36 
150 450 21 
1770 1110 13 43 
90 90 26 
1080 660 32 
1290 1020 17 47 11 59 
1320 960 19 63 74 65 11 40 
900 330 7 
1500 1020 11 63 38 19 66 
1170 660 4 48 
90 450 21 
1800 1110 34 45 
870 420 8 71 73 
1140 450 43 58 69 
90 1110 1 
1560 1050 37 67 78 59 
1140 660 41 64 
30 150 6 53 
30 1110 29 75 
1050 420 23 
270 480 16 
30 120 49 6 10 0 
780 660 9 
300 480 24 
60 450 3 
1020 510 30 
1110 420 45 60 
690 1080 2 78 11 47 4 37 
1080 420 58 
1050 510 4 
30 0 26 
1320 990 38 66 40 
1110 660 48 
1380 960 19 38 
1320 1020 63 40 
1530 1020 47 
960 420 7 
1110 450 45 
60 90 18 
870 330 44 
270 420 24 
900 420 44 77 
1350 900 19 38 
60 1110 50 
690 540 10 
930 420 73 
1590 1080 59 47 
0 0 12 
