50
1200 1170 1 3 6 10 12 29 25 18 5 23 
30 270 0 2 46 23 13 4 10 
30 1140 1 4 5 13 19 11 38 39 10 7 
1350 1320 0 20 24 10 
60 660 2 11 41 13 40 48 17 1 
810 1140 2 7 8 23 31 9 13 30 28 44 39 0 14 
30 0 0 15 21 49 29 25 42 16 33 
450 1080 5 39 2 13 
510 1020 5 9 14 28 30 44 32 36 31 
510 1050 8 5 28 
0 1260 0 22 26 27 2 3 1 
60 870 4 17 19 40 2 34 37 48 41 47 13 45 43 
1230 1260 0 18 
450 1050 2 34 4 11 45 48 5 23 19 1 38 28 7 
540 900 8 30 5 
210 210 6 16 25 33 29 42 
90 180 15 6 25 42 
90 720 11 37 40 4 
1260 1260 12 0 
60 990 11 38 2 34 13 
1380 1350 3 
150 150 6 33 42 
0 240 10 
480 780 5 1 13 46 28 31 0 
30 1320 3 26 
60 240 15 6 16 29 0 
0 1350 10 35 24 
1200 1260 10 
480 1050 8 5 23 9 13 31 
240 240 0 6 25 15 
540 930 8 32 5 44 14 
510 840 5 23 28 8 
540 960 30 36 8 44 
180 180 21 15 42 6 
90 990 13 43 11 45 19 
30 1350 26 
540 990 32 8 
90 750 17 47 40 11 
60 1020 19 2 13 
450 1110 7 2 5 
180 810 11 4 37 41 17 47 
210 840 4 48 11 40 
120 180 21 33 6 16 15 
120 960 34 45 11 
600 1020 8 30 5 32 
150 990 43 34 11 13 
510 780 1 23 
90 780 37 11 40 
240 870 41 11 4 13 
30 240 6 
