90
990 1290 1 2 3 4 41 13 23 65 7 18 
990 1050 0 17 24 19 
870 1920 0 5 6 8 10 12 32 16 13 25 64 63 34 15 9 14 26 59 29 80 82 
1290 1620 0 7 
1020 1710 0 13 84 49 
180 1890 2 16 59 64 
300 1740 2 25 29 58 75 42 63 83 10 
1560 1860 3 11 18 36 49 60 67 0 28 47 
90 1170 2 9 15 34 38 
30 1080 8 22 24 37 2 15 
300 1590 2 26 80 83 6 
1590 1770 7 28 30 
60 1950 2 14 40 37 
990 1920 4 52 70 14 2 0 51 
1050 2010 12 37 45 13 40 72 2 76 51 
60 1890 8 34 38 46 2 9 59 16 
150 1350 5 20 33 59 2 64 34 15 82 
2040 2130 1 19 81 28 
1260 1620 7 23 0 44 
2070 2130 17 31 48 53 86 1 
300 1560 16 21 61 64 
240 1530 20 64 61 
0 2160 9 89 37 
1200 1560 18 44 65 84 0 49 
120 30 9 27 86 1 
300 1890 6 42 64 2 75 
390 1710 10 2 80 
90 0 24 50 
1590 1680 11 17 7 
330 1740 6 2 80 
1950 2130 11 35 54 56 37 
2220 2130 19 71 86 
210 1350 2 82 34 
330 1560 16 
150 1260 15 38 82 46 32 8 2 16 
1980 2130 30 
1200 1980 7 39 78 69 68 51 
30 2160 14 72 79 22 9 30 12 56 40 
90 1200 34 46 15 8 
1170 1950 36 51 55 70 
60 1980 12 14 37 
1050 1500 0 43 
360 1890 25 63 6 75 
1080 1500 41 
1230 1650 23 57 60 18 
1740 2070 14 47 69 73 51 68 
90 1230 38 34 15 
1770 2070 45 74 87 7 62 
2100 2070 19 86 53 
1050 1710 7 67 60 4 23 
60 0 27 66 
1080 2010 39 68 45 13 36 14 
1020 1860 13 
2100 2040 19 48 86 
1830 2040 30 85 87 
1080 1860 39 77 
1830 2100 30 62 37 
1260 1650 44 
390 1860 6 63 
150 1890 16 2 5 15 
1230 1680 44 49 67 7 
240 1500 20 21 64 
1800 2070 56 47 
420 1890 42 2 58 6 
210 1890 21 25 16 20 2 61 5 
1140 1500 23 88 0 
30 0 50 
1230 1710 49 60 7 
1620 2010 51 69 36 73 45 78 
1590 1920 45 36 68 78 73 
1020 1890 13 39 
2250 2160 31 
1080 2070 37 76 14 
1650 2010 45 69 68 
1770 2010 47 
330 1860 6 25 42 
1050 2040 72 14 
1050 1860 55 
1590 1980 36 69 68 
1950 2160 37 
360 1710 10 83 2 26 29 
2010 2130 17 
180 1350 34 32 2 16 
330 1680 80 6 10 
1050 1530 4 23 
1800 2010 54 
2190 2100 48 31 19 53 24 
1800 2040 54 47 
1110 1500 65 
0 0 22 
