70
1320 1470 1 2 9 15 35 34 43 25 7 
720 1500 0 3 17 19 61 5 43 25 7 48 30 37 
1110 1170 0 4 5 60 6 35 34 59 9 27 39 58 
240 1590 1 12 14 16 31 42 22 41 40 19 66 29 33 48 
90 150 2 6 8 10 46 55 27 19 
1710 1770 2 7 13 18 22 49 1 34 47 40 8 
930 1140 4 25 27 2 9 
1350 1500 5 34 13 1 0 
90 1650 4 20 33 53 22 5 
930 1380 0 63 25 2 35 6 
450 1230 4 11 57 19 
180 960 10 52 
300 1380 3 
1380 1500 5 7 34 
240 1620 3 22 40 
930 1440 0 43 25 
300 1320 3 
660 1470 1 48 19 
0 1770 5 23 24 36 20 47 
630 1410 1 21 38 69 10 17 65 3 48 4 57 41 
60 1680 8 36 62 18 47 
360 1260 19 33 41 57 
150 1650 5 28 29 40 3 14 8 33 
120 1740 18 47 
0 30 18 26 32 64 
900 1380 6 30 61 9 43 1 0 15 67 37 
90 30 24 44 56 
990 1140 6 55 4 2 
120 1620 22 33 
180 1560 22 3 42 33 
720 1230 25 37 54 1 
720 1590 3 
1890 1770 24 
120 990 8 41 57 21 28 3 51 22 29 
1350 1440 7 5 0 2 13 
1110 1350 0 39 2 9 63 58 
30 1650 20 18 
750 1320 30 67 61 25 1 
330 1350 19 65 
1170 1320 35 58 60 2 
300 1650 22 3 5 14 
300 1260 33 51 66 3 21 19 
210 1560 3 29 
900 1440 15 25 1 0 
120 30 26 45 
150 30 44 
1020 1140 4 59 
120 1710 23 18 5 62 20 
630 1470 17 19 1 3 
780 1590 5 50 
750 1590 49 
330 1230 41 33 
150 960 11 
120 960 8 
720 1200 30 
960 1110 27 4 
60 0 26 68 
390 1260 33 10 19 21 
1200 1350 39 2 35 
1050 1140 46 2 
1140 1290 2 39 
750 1350 1 25 37 
90 1680 20 47 
1110 1380 9 35 
0 0 24 
330 1380 38 19 
270 1230 41 3 
780 1320 37 25 
30 0 56 
330 1320 19 
