70
0 420 1 3 4 5 17 19 57 18 
150 360 0 2 9 14 42 68 8 
300 360 1 25 28 
0 450 0 10 47 61 5 
30 330 0 
1440 1200 0 6 7 11 13 16 39 10 3 35 29 
240 90 5 12 
510 420 5 8 31 53 
210 420 7 18 1 
120 330 1 27 30 60 
60 1230 3 15 20 40 65 5 11 62 35 37 
1470 1230 5 52 10 
210 90 6 
300 60 5 24 
180 330 1 33 66 
90 690 10 55 
450 1080 5 21 29 37 41 
30 300 0 
180 420 8 57 0 
0 240 0 
150 750 10 22 36 56 
510 1170 16 23 
300 810 20 32 35 
480 1170 21 
270 60 13 34 
330 360 2 26 
360 360 25 54 69 
90 330 9 
270 330 2 51 
480 1080 16 43 63 5 
60 300 9 
390 300 7 
180 690 22 
180 150 14 49 50 
240 60 24 38 45 48 
330 840 22 44 37 5 10 
120 720 20 
330 1170 16 59 67 35 10 
210 60 34 
270 150 5 58 
90 720 10 
420 1050 16 46 
180 60 1 
510 1080 29 63 
480 1020 35 
180 0 34 
390 1050 41 
120 600 3 55 
270 0 34 
180 90 33 
210 150 33 
240 330 28 
1500 1230 11 
420 360 7 54 
390 360 26 53 
120 690 15 64 47 
180 810 20 
150 390 18 0 
240 150 39 
450 1170 37 
30 240 9 
0 1230 3 62 
30 1230 61 10 
480 1050 43 29 
150 690 55 
150 810 10 
210 330 14 
360 1050 37 
150 0 1 
360 300 26 
