30
0 720 1 2 3 4 28 11 7 
0 0 0 17 
810 720 0 5 6 8 10 12 9 25 16 15 29 24 
90 150 0 7 
90 690 0 13 
330 270 2 16 13 18 10 12 20 7 
480 690 2 25 29 8 15 27 24 9 22 
30 60 3 11 18 10 5 0 
570 660 2 9 15 6 22 
540 600 8 22 24 2 6 27 
120 30 2 26 7 5 
30 90 7 28 0 
450 420 2 14 20 16 5 
120 690 4 5 18 
360 390 12 20 21 
570 690 8 6 2 
330 690 5 20 2 12 
30 0 1 19 
120 180 7 23 5 13 
60 0 17 
360 330 16 21 14 12 5 
390 390 20 14 
540 630 9 8 6 
150 240 18 
510 540 9 27 25 6 2 
450 450 6 2 29 24 
90 0 10 
510 570 24 6 9 
60 120 11 0 
450 690 6 25 2 
