50
0 990 1 2 9 15 35 41 39 
0 120 0 3 17 19 
570 990 0 4 5 29 9 15 35 
90 90 1 12 14 16 31 42 
210 960 2 6 8 10 46 
1050 990 2 7 13 18 22 49 29 34 28 23 
390 930 4 25 27 
870 900 5 34 49 13 22 
180 960 4 20 33 41 15 36 
60 510 0 2 35 15 
270 900 4 11 46 
240 870 10 46 
120 0 3 
870 930 5 7 22 
120 30 3 
60 540 0 43 8 2 46 33 9 
120 60 3 
0 60 1 48 
1080 990 5 23 24 
210 120 1 21 38 23 
90 930 8 36 33 41 
150 60 19 
780 930 5 28 29 40 23 7 13 
780 690 18 47 19 22 28 5 
1200 990 18 26 32 
360 900 6 30 
210 0 24 44 
420 960 6 
870 810 22 5 23 
780 960 22 2 5 
330 900 25 37 
120 90 3 
150 30 24 
60 840 8 41 20 15 
900 900 7 49 5 
60 480 0 39 2 9 
120 930 20 8 
300 900 30 46 
150 90 19 
30 450 35 0 
810 780 22 
60 960 33 8 20 0 
60 60 3 
240 750 15 46 
180 0 26 45 
150 0 44 
210 810 4 43 10 37 15 11 
840 780 23 
30 60 17 
870 840 5 7 34 
