70
990 1350 1 2 9 15 35 34 43 
630 900 0 3 17 19 61 5 43 25 7 48 
1140 1530 0 4 5 60 6 35 34 59 9 27 39 
450 720 1 12 14 16 31 42 22 41 40 19 66 
120 1650 2 6 8 10 46 55 27 
1470 1590 2 7 13 18 22 49 1 34 47 
210 1440 4 25 27 2 9 
1170 1470 5 34 13 1 
90 1650 4 20 33 53 22 
930 1440 0 63 25 2 35 6 
180 1200 4 11 57 19 
210 1170 10 52 
450 780 3 
1200 1530 5 7 34 
480 600 3 22 
930 1320 0 43 
480 780 3 
630 1170 1 48 19 
1560 1680 5 23 24 36 20 47 
300 1200 1 21 38 69 10 17 65 3 48 
30 1650 8 36 62 18 
150 1050 19 33 
120 0 5 28 29 40 3 14 8 
1500 1650 18 47 
1800 1680 18 26 32 64 
720 1230 6 30 61 9 43 1 
1590 1470 24 44 56 
210 1470 6 55 4 2 
120 390 22 33 
1560 1440 22 
750 1410 25 37 54 
180 480 3 
1710 1620 24 
120 1170 8 41 57 21 28 
1170 1530 7 5 0 2 13 
990 1440 0 39 2 9 
0 1680 20 18 
810 1410 30 67 
480 840 19 65 
1020 1440 35 58 60 2 
510 630 22 3 
150 510 33 51 66 3 
510 720 3 
750 1110 15 25 1 0 
1650 1620 26 45 
1680 1620 44 
1140 1650 4 59 
1200 1650 23 18 5 
660 1200 17 19 1 
570 720 5 50 
540 720 49 
150 480 41 
240 1170 11 
60 1620 8 
780 1380 30 
210 1500 27 4 
1590 1650 26 68 
150 1170 33 10 
1020 1410 39 
1170 1650 46 2 
1050 1440 2 39 
690 1200 1 25 
30 1620 20 
870 1410 9 
1650 1650 24 
450 810 38 19 
300 690 41 3 
840 1410 37 
1620 1650 56 
570 870 19 
