70
600 660 1 2 4 10 20 7 41 19 
1260 1380 0 3 11 69 4 19 34 66 
570 1530 0 5 7 8 17 25 15 41 27 44 
1020 1380 1 6 22 38 64 19 30 20 23 
1140 1320 0 19 34 1 69 11 
390 1590 2 15 41 59 17 25 21 
810 1410 3 9 16 30 33 55 8 62 65 
450 480 2 18 29 35 46 0 17 54 28 
600 1440 2 20 27 6 44 55 30 16 32 58 
720 1350 6 62 55 
1650 1710 0 12 21 31 37 40 43 41 
1170 1320 1 69 4 
60 1620 10 13 14 47 49 68 56 21 35 40 43 63 51 
90 1260 12 56 49 
210 1590 12 17 21 
600 1590 5 25 2 
630 1380 6 55 8 33 
330 1380 14 26 50 53 5 2 21 54 47 59 7 
1830 1740 7 28 31 
1110 1350 4 23 1 3 34 0 20 
600 840 8 24 22 0 32 3 64 19 23 
360 1620 10 41 14 12 17 5 
810 1200 3 20 36 24 38 64 
1050 1320 19 3 20 
660 1050 20 32 36 48 22 55 52 
570 1560 15 2 5 
300 1350 17 
600 1500 8 58 44 2 
570 480 18 61 39 35 7 
390 450 7 46 54 
1080 1440 6 44 8 3 66 
1680 1740 10 40 18 
630 1020 24 55 20 8 
660 1380 6 65 62 55 16 
1140 1350 4 1 19 
90 90 7 39 68 49 47 12 28 
720 1200 24 67 22 48 38 52 
1530 1620 10 
810 1230 3 48 22 36 
150 90 35 42 28 61 
30 1740 31 43 60 68 10 12 51 
1500 1620 5 21 10 2 0 
120 60 39 45 
90 1680 40 51 10 12 
1410 1530 30 66 27 8 58 2 
90 60 42 
360 450 29 7 54 
210 1350 12 53 35 17 49 56 50 
660 1230 38 52 24 36 55 
90 1230 12 56 13 35 47 
240 1350 17 47 53 
60 1650 43 40 12 
690 1170 48 24 36 
240 270 17 57 54 47 50 
360 390 29 53 46 17 7 
630 1230 6 32 8 24 16 33 62 48 9 
120 1290 49 63 12 13 47 
270 1350 53 
630 1500 27 44 8 
420 1500 5 17 
0 1740 40 68 
150 60 28 39 
690 1350 9 33 6 55 
120 1320 56 12 
840 1200 3 22 20 
690 1380 33 6 
1290 1410 44 1 30 
750 1170 36 
0 0 12 35 40 60 
1170 1290 1 11 4 
