40
0 510 1 3 4 5 17 19 9 20 10 15 27 8 28 16 2 
1140 900 0 2 9 14 3 27 13 19 30 33 25 
510 510 1 25 28 0 8 
0 900 0 10 1 19 22 15 35 
300 420 0 7 31 17 5 
270 270 0 6 7 11 13 16 39 29 21 23 8 37 31 4 
0 0 5 12 16 39 11 
360 390 5 8 31 18 4 
450 450 7 18 0 5 33 2 
270 870 1 27 30 0 19 
60 780 3 15 20 0 22 32 
30 120 5 29 12 16 6 
60 120 6 11 39 
300 60 5 24 1 14 34 33 
570 360 1 33 13 
30 750 10 0 3 
0 240 5 21 29 37 6 23 0 11 
270 390 0 4 
360 420 8 7 
240 870 0 22 3 20 36 9 35 1 
90 720 10 22 36 0 19 32 
30 180 16 23 29 5 
120 810 20 32 35 19 3 10 36 
30 210 21 16 5 
510 300 13 34 
510 450 2 26 33 1 
540 510 25 
300 840 9 30 0 1 
450 480 2 0 
30 150 16 21 5 11 
300 870 9 27 1 
330 360 7 4 5 
90 780 22 10 20 
450 360 14 34 25 1 13 8 
480 330 24 38 33 13 
120 840 22 3 19 
150 810 20 19 22 
30 240 16 5 
540 330 34 
90 120 5 6 12 
