60
90 1170 1 2 3 4 41 44 18 19 53 
600 1140 0 17 53 19 31 
0 30 0 5 6 8 10 12 32 33 16 
120 570 0 7 11 30 35 
120 930 0 13 
930 1200 2 16 10 
60 1230 2 25 29 58 33 
450 900 3 11 18 36 49 35 30 28 
1260 1290 2 9 15 20 16 
1470 1290 8 22 24 
900 1200 2 26 5 29 
300 780 7 28 30 3 
30 30 2 14 40 
150 930 4 52 
60 30 12 37 45 
1200 1260 8 34 
1020 1290 5 20 33 59 2 42 25 8 32 
630 1140 1 19 48 
510 960 7 23 19 0 
540 990 17 31 48 53 18 41 1 0 
1050 1260 16 21 34 38 8 
1080 1230 20 38 
120 30 9 
240 930 18 44 49 
180 0 9 27 
90 1260 6 42 33 16 
870 1170 10 
150 0 24 50 
300 810 11 30 7 
90 1200 6 10 
270 840 11 35 54 56 7 28 3 
570 1110 19 53 1 
0 1290 2 33 16 
30 1260 16 2 25 32 6 
1170 1260 15 38 20 46 
240 870 30 7 3 54 
450 810 7 39 
90 30 14 
1050 1170 34 46 21 20 
810 1170 36 51 55 
0 0 12 
720 1170 0 43 19 48 
120 1260 25 16 
750 1170 41 
120 810 23 57 0 
60 0 14 47 
1050 1140 38 34 
90 0 45 
660 1140 19 41 17 
240 900 7 23 
120 0 27 
780 1170 39 
180 930 13 
540 1110 19 1 31 0 
270 870 30 35 
840 1170 39 
300 840 30 
210 930 44 
90 1230 6 
120 1230 16 
