50
300 240 1 3 4 5 17 19 22 20 8 
90 0 0 2 9 14 42 49 33 19 35 44 
1380 1290 1 25 28 24 30 35 26 
390 420 0 10 47 20 36 40 15 5 
600 600 0 17 
570 600 0 6 7 11 13 16 39 37 12 21 8 34 18 3 
690 870 5 12 21 37 
990 1110 5 8 31 13 18 
1200 1140 7 18 24 5 13 17 0 
60 1230 1 27 30 49 35 14 
510 1110 3 15 20 40 38 34 
930 1110 5 21 16 
660 840 6 39 5 21 
960 1140 5 24 8 7 34 
90 1200 1 33 49 9 
480 1080 10 3 40 
900 1080 5 21 29 37 41 46 11 43 
630 600 0 8 4 
1020 1080 8 7 31 5 
270 1110 0 22 1 35 42 
360 1170 10 22 36 3 0 40 47 24 34 
600 1080 16 23 39 11 41 46 5 6 29 12 37 43 
330 1170 20 32 35 0 19 
720 990 21 43 41 
1260 1200 13 34 2 8 20 26 
330 1260 2 26 35 
1260 1230 25 24 2 
30 1200 9 30 
0 1290 2 
720 930 16 43 21 37 
30 1260 9 2 35 27 
1020 1110 7 18 
270 1140 22 
120 1200 14 49 1 
570 1170 24 38 45 48 5 20 13 10 
180 1260 22 44 25 30 2 42 19 1 9 
390 1020 20 3 47 
720 900 16 5 21 29 6 
510 1140 34 10 
630 810 5 21 12 
450 1080 10 3 15 20 47 
750 1020 16 46 21 23 43 
240 1080 1 35 19 44 
720 960 29 23 21 41 16 
210 1050 35 1 42 
600 1110 34 
750 1050 41 21 16 
420 1050 3 20 40 36 
960 1170 34 
150 1230 33 1 14 9 
