30
600 570 1 2 4 10 12 20 8 15 
180 150 0 3 11 2 15 18 
330 510 0 5 7 8 1 18 
150 480 1 6 22 10 26 
660 630 0 19 12 
450 510 2 15 
210 540 3 9 16 21 
360 360 2 18 29 
300 510 2 20 27 0 
240 540 6 
90 540 0 12 21 3 
30 0 1 17 
30 570 10 13 14 0 4 26 
30 600 12 19 
30 420 12 17 26 
510 510 5 25 18 1 0 
240 480 6 
30 390 14 26 11 
450 450 7 28 25 15 1 2 
60 630 4 23 13 
300 540 8 24 0 
180 540 10 6 
120 450 3 26 
0 630 19 
270 540 20 
450 480 15 18 
90 450 17 3 12 14 22 
270 480 8 
390 420 18 
360 420 7 
