40
930 450 1 2 3 4 
900 420 0 17 
270 420 0 5 6 8 10 12 32 9 29 25 39 27 24 7 
270 480 0 7 4 
1050 570 0 13 3 
600 360 2 16 21 
480 270 2 25 29 27 34 32 
30 570 3 11 18 36 39 2 
300 150 2 9 15 29 
300 60 8 22 24 2 27 
210 390 2 26 11 
60 390 7 28 30 26 10 35 
600 330 2 14 
1020 570 4 
660 330 12 37 16 
330 150 8 34 
750 420 5 20 33 14 21 
870 420 1 19 
270 570 7 23 
840 420 17 31 
600 420 16 21 
600 390 20 16 5 
330 60 9 27 24 
990 570 18 
300 0 9 27 2 22 
330 210 6 2 29 32 
180 360 10 11 
600 300 24 6 9 22 2 
120 330 11 35 
330 180 6 2 8 25 
60 240 11 35 
810 420 19 
330 240 2 6 25 
780 420 16 
360 150 15 38 6 
90 300 30 11 28 
0 570 7 39 
630 300 14 
330 120 34 
0 150 36 2 7 
