40
0 1110 1 2 9 15 35 39 8 19 4 12 36 33 20 
1110 1110 0 3 17 19 12 16 
450 990 0 4 5 39 35 38 32 19 
0 90 1 12 14 16 31 
30 180 2 6 8 10 19 33 0 5 39 32 27 
780 960 2 7 13 18 22 32 28 23 34 24 19 26 4 
210 870 4 25 27 9 39 30 
630 900 5 34 24 13 
30 750 4 20 33 0 36 
210 900 0 10 39 6 15 
150 840 4 11 33 9 15 
180 840 10 
0 120 3 1 0 
660 900 5 7 
0 0 3 16 31 
150 870 0 10 9 33 
90 90 3 31 14 1 
900 1080 1 
510 930 5 23 24 28 29 26 
870 1020 1 21 38 4 5 0 2 
30 780 8 36 0 
870 1080 19 
570 900 5 28 29 24 34 
540 930 18 28 5 
480 690 18 26 32 7 22 34 5 29 
240 840 6 30 27 37 
480 930 24 18 5 
330 870 6 25 30 37 4 
540 900 22 18 23 5 29 
540 870 22 18 28 24 
240 780 25 37 27 6 
30 60 3 16 14 
480 660 24 5 4 2 
120 840 8 10 4 15 0 36 
600 900 7 24 5 22 
390 960 0 39 2 
60 810 20 8 0 33 
270 840 30 27 25 
780 990 19 2 
390 930 35 9 0 2 6 4 
