90
360 240 1 2 4 10 70 
2070 1950 0 3 11 69 6 80 10 
360 1950 0 5 7 8 84 16 59 18 44 41 
2130 1980 1 6 22 38 64 84 
1830 1740 0 19 34 10 72 70 31 
390 660 2 15 41 59 16 
600 1950 3 9 16 30 33 55 1 68 44 62 87 
210 1950 2 18 29 35 28 36 
90 1680 2 20 27 42 35 18 24 
750 1800 6 62 15 16 77 68 
1470 1740 0 12 21 31 37 4 19 43 34 23 70 25 86 1 40 60 88 51 
1560 1860 1 89 
1350 1860 10 13 14 47 49 68 15 74 17 83 57 25 50 86 
1110 1740 12 
1080 1650 12 17 79 76 74 83 50 
480 750 5 25 9 12 68 16 74 
450 1500 6 85 2 9 15 5 
1020 1740 14 26 50 53 63 12 57 
300 1920 7 28 2 8 
1560 1530 4 23 72 10 34 70 37 
120 1740 8 24 28 
1470 1860 10 71 
2100 1980 3 
1500 1470 19 70 10 37 
90 1860 20 32 36 35 8 
1380 1650 15 86 88 10 12 
1080 1740 17 
90 0 8 58 
270 1890 18 61 20 7 
0 2010 7 46 54 35 
540 1920 6 44 
1680 1710 10 40 34 4 60 
90 1890 24 35 36 
630 1770 6 65 
1560 1560 4 43 10 19 31 
0 1920 7 39 36 24 32 42 8 29 45 
150 1920 24 67 78 35 7 32 
1500 1500 10 23 19 
2160 1980 3 48 
30 1650 35 42 
1620 1650 31 43 60 10 51 
420 1470 5 59 2 
30 1620 39 45 8 35 
1560 1590 40 51 34 10 
450 1800 30 66 87 6 2 84 
0 1590 42 35 
210 1980 29 
1020 1830 12 
2190 2010 38 52 
900 1830 12 56 81 75 
1080 1680 17 12 14 
1560 1620 43 10 40 
2160 2010 48 
930 1680 17 57 56 73 
210 2010 29 
840 1920 6 68 80 
900 1770 49 63 82 57 53 73 81 
960 1740 53 73 56 12 17 
120 0 27 
390 1440 5 2 41 
1620 1680 40 10 31 
180 1830 28 
750 1860 9 77 6 
870 1590 56 75 17 
150 0 3 
660 1770 33 
480 1950 44 87 84 
150 1830 36 
840 1890 12 74 55 6 15 80 9 75 
1350 1890 1 80 
1500 1410 23 4 19 10 72 0 
1500 1860 21 
1590 1530 19 4 70 
930 1710 57 56 53 
870 1380 68 76 83 79 12 14 15 
870 1830 63 49 68 
1020 1620 74 14 79 
780 1860 62 9 
180 1920 36 
1050 1620 14 74 76 
870 1920 69 1 68 55 
930 1830 49 56 
960 1830 56 
1110 1650 74 14 12 
450 1950 2 3 66 44 
690 1770 16 
1380 1710 25 10 12 88 
510 1950 66 44 6 
1410 1710 25 10 86 
1530 1860 11 
