60
0 60 1 3 4 5 17 19 32 
0 990 0 2 9 14 42 28 
60 810 1 25 28 
270 810 0 10 47 
0 0 0 
840 750 0 6 7 11 13 16 39 
840 960 5 12 23 21 
150 60 5 8 31 53 
90 0 7 18 
570 960 1 27 30 20 
240 810 3 15 20 40 
870 900 5 52 21 16 
810 960 6 
840 600 5 24 
60 930 1 33 
210 810 10 55 
1050 960 5 21 29 37 41 24 11 
30 30 0 
60 0 8 57 
30 60 0 
510 930 10 22 36 56 9 27 33 
870 930 16 23 11 6 
390 810 20 32 35 
870 960 21 6 
1050 810 13 34 16 
90 810 2 26 
120 810 25 54 
540 930 9 20 
30 780 2 51 1 
1080 990 16 43 48 
780 960 9 
60 30 7 
390 480 22 0 
90 930 14 49 50 36 20 
1200 960 24 38 45 48 
360 810 22 44 
150 900 20 33 49 
1080 960 16 59 
1170 960 34 
960 900 5 58 
60 630 10 
1080 930 16 46 
570 990 1 
1050 990 29 
330 810 35 
1140 930 34 
1110 930 41 
300 810 3 
1230 990 34 29 
120 870 33 36 
90 840 33 
30 630 28 
900 900 11 
120 60 7 
150 810 26 
180 810 15 
120 840 20 
30 0 18 
930 900 39 
1140 960 37 
