90
90 1530 1 2 3 4 41 13 
60 1530 0 17 
90 270 0 5 6 8 10 12 32 16 13 25 64 
240 1530 0 7 
210 1470 0 13 84 
1290 1500 2 16 
90 30 2 25 29 58 75 
1260 1530 3 11 18 36 49 
510 1230 2 9 15 
540 1230 8 22 24 
120 210 2 26 80 
1290 1530 7 28 30 
300 1110 2 14 40 
240 1500 4 52 70 14 2 0 51 
270 1290 12 37 45 13 40 
480 1230 8 34 38 46 
1650 1500 5 20 33 59 2 64 
30 1530 1 19 81 
1020 1500 7 23 
30 1590 17 31 48 53 
420 270 16 21 61 64 
330 240 20 64 
660 1230 9 89 37 
990 1500 18 44 65 
540 1200 9 27 
300 240 6 42 64 2 
240 210 10 
570 1200 24 50 
720 960 11 
210 180 6 
1860 1620 11 35 54 56 
60 1620 19 71 86 
330 1110 2 82 
1680 1500 16 
390 1140 15 38 82 46 
1710 1500 30 
1020 1320 7 39 78 69 
690 1260 14 72 79 22 
420 1200 34 46 15 
990 1320 36 51 55 
270 1080 12 14 
120 1440 0 43 
300 210 25 63 
150 1440 41 
960 1500 23 57 60 
870 1290 14 47 69 73 51 
300 1230 38 34 15 
810 1260 45 74 
0 1620 19 86 
1080 1470 7 67 
600 1200 27 66 
900 1320 39 68 45 13 
900 1500 13 
60 1560 19 
150 1620 30 85 87 
960 1290 39 77 
1710 1470 30 62 
930 1500 44 
180 180 6 
1650 1470 16 
930 1470 44 
360 210 20 
1680 1470 56 
330 210 42 
330 270 21 25 16 20 2 
990 1470 23 88 
630 1200 50 
1050 1470 49 
900 1290 51 
900 1200 45 36 
900 1470 13 
90 1620 31 
720 1260 37 76 
720 1140 45 
780 1260 47 
60 0 6 
750 1260 72 
930 1290 55 
1050 1320 36 
690 1140 37 
120 180 10 83 
30 0 17 
360 1110 34 32 
150 180 80 
180 1440 4 
120 1620 54 
30 1620 48 31 
90 1560 54 
1020 1470 65 
690 960 22 
