80
990 1710 1 2 9 15 35 8 61 37 
600 1320 0 3 17 19 61 13 2 51 
630 840 0 4 5 60 6 27 1 
90 810 1 12 14 16 31 42 70 20 13 
1470 1800 2 6 8 10 46 77 5 49 55 60 
2010 1830 2 7 13 18 22 49 23 4 78 
1200 1590 4 25 27 2 77 
210 1800 5 34 20 78 49 
210 1710 4 20 33 53 49 0 
1020 1470 0 63 
1260 1710 4 11 77 
1230 1710 10 52 
210 1110 3 20 31 
90 270 5 20 1 3 
150 1050 3 73 20 16 31 
480 1680 0 43 
90 1020 3 14 73 
630 1530 1 48 
210 30 5 23 24 32 
300 1140 1 21 38 69 51 
60 1830 8 36 62 78 12 14 3 13 31 7 
270 1110 19 
0 120 5 28 29 40 24 26 
270 120 18 47 24 5 32 
180 90 18 26 32 64 22 23 
1200 1620 6 30 77 
150 60 24 44 56 22 
1230 1590 6 55 2 
0 1830 22 
90 240 22 
1170 1620 25 37 54 63 75 
180 1080 3 20 14 12 
210 60 24 23 47 18 
300 1530 8 41 57 51 
210 1770 7 
780 1530 0 39 
30 1830 20 
1020 1710 30 67 0 54 75 63 
300 1170 19 65 41 51 
750 1530 35 58 
0 30 22 
300 1260 33 51 66 38 
240 1110 3 
450 1680 15 76 
60 30 26 45 68 
30 30 44 
1530 1770 4 59 60 
210 90 23 32 
660 1530 17 
270 1800 5 50 8 7 4 
240 1770 49 
420 1290 41 19 33 38 1 
1200 1710 11 
330 1680 8 72 
1080 1560 30 75 37 
1260 1590 27 4 
90 0 26 68 
420 1530 33 61 
720 1530 39 74 
1560 1800 46 
1500 1740 2 46 4 
600 1530 1 57 0 
60 240 20 
1050 1500 9 30 37 
180 120 24 
360 1260 38 
330 1260 41 
1170 1710 37 
60 0 56 44 
300 1110 19 
360 1110 3 71 
330 1110 70 
360 1680 53 79 
120 1020 14 16 
690 1530 58 
1080 1590 54 37 30 
420 1680 43 
1260 1680 10 25 4 6 
210 1830 20 7 5 
390 1680 72 
