30
840 750 1 3 6 10 12 29 18 2 25 
240 660 0 2 3 12 18 
150 330 1 4 5 13 14 3 20 24 29 0 11 
210 750 0 20 24 5 2 1 12 
240 330 2 11 
60 750 2 7 8 23 3 14 20 9 
330 660 0 15 21 25 16 
90 270 5 8 14 
0 30 5 9 14 28 23 7 11 
0 750 8 5 23 
420 330 0 22 26 27 11 
240 210 4 17 19 26 10 2 8 
240 720 0 18 1 3 
300 660 2 
120 300 8 2 5 7 
390 630 6 16 25 21 
330 540 15 6 21 25 
270 210 11 
270 720 12 0 1 
30 0 11 
150 720 3 24 2 5 
360 600 6 16 15 
300 210 10 
30 720 5 8 9 
180 720 3 20 2 
450 660 15 6 16 0 
270 330 10 11 27 
300 300 10 26 
0 0 8 
270 660 0 2 
