80
120 720 1 2 9 15 35 8 61 37 63 39 30 4 58 76 43 
180 270 0 3 17 19 61 13 2 51 33 20 70 5 71 
810 1380 0 4 5 60 6 27 1 46 35 39 55 37 56 18 25 
1440 1950 1 12 14 16 31 42 70 20 13 71 
120 1800 2 6 8 10 46 77 5 49 55 60 50 59 27 56 30 0 68 11 
1380 1950 2 7 13 18 22 49 23 4 78 20 50 34 28 68 1 
240 1200 4 25 27 2 77 
120 1980 5 34 20 78 49 8 
0 2010 4 20 33 53 49 0 7 61 
180 960 0 63 30 
150 1110 4 11 77 
180 1140 10 52 4 
1530 1950 3 20 31 
1410 1950 5 20 1 3 
1530 1890 3 73 20 16 31 
30 690 0 43 
1530 1830 3 14 73 20 
1560 1770 1 48 71 
1050 1650 5 23 24 32 56 2 
2070 1980 1 21 38 69 51 65 
1800 2010 8 36 62 78 12 14 3 13 31 7 5 73 16 1 
2100 2010 19 
900 1800 5 28 29 40 24 26 44 23 68 64 
1140 1770 18 47 24 5 32 22 28 64 
1020 1710 18 26 32 64 22 23 40 29 56 
270 1200 6 30 77 37 2 
840 1530 24 44 56 22 40 
240 1230 6 55 2 4 
1140 1800 22 23 5 
930 1680 22 40 24 
150 1050 25 37 54 63 75 4 0 9 
1530 1920 3 20 14 12 
1050 1710 24 23 47 18 
30 90 8 41 57 51 1 61 
150 1920 7 5 49 
480 1200 0 39 2 58 37 67 
1830 2010 20 
420 1200 30 67 0 54 75 63 2 25 35 
330 240 19 65 41 51 
570 1200 35 58 2 0 74 
930 1650 22 24 29 26 
120 30 33 51 66 38 
1500 1800 3 
30 660 15 76 0 
840 1740 26 45 68 22 
840 1770 44 
270 1350 4 59 60 2 
1080 1710 23 32 
1530 1740 17 71 
120 1860 5 50 8 7 4 34 
150 1860 49 5 4 
300 270 41 19 33 38 1 65 
210 1170 11 
0 0 8 72 
210 1020 30 75 37 63 
240 1260 27 4 60 2 
810 1410 26 68 4 18 24 2 
60 150 33 61 
510 1140 39 74 35 0 
240 1320 46 4 60 
240 1290 2 46 4 59 55 
30 150 1 57 0 33 8 
1830 1980 20 
210 990 9 30 37 0 54 
1020 1740 24 23 22 
330 270 38 19 51 
90 0 41 
450 1170 37 35 
810 1800 56 44 22 5 4 
2040 1980 19 
1470 1740 3 71 1 
1500 1770 70 17 1 3 48 
30 0 53 79 
1560 1890 14 16 20 
510 1170 58 39 
210 1050 54 37 30 
30 630 43 0 
150 1080 10 25 4 6 
1380 1980 20 7 5 
60 0 72 
