80
1740 1950 1 2 9 15 35 8 61 37 63 
1020 1050 0 3 17 19 61 13 2 51 33 20 
660 1410 0 4 5 60 6 27 1 46 35 39 
570 630 1 12 14 16 31 42 70 20 13 
30 1920 2 6 8 10 46 77 5 49 55 60 50 59 27 56 
210 960 2 7 13 18 22 49 23 4 78 20 50 34 
810 1860 4 25 27 2 77 
30 810 5 34 20 78 49 8 
0 1980 4 20 33 53 49 0 7 
1110 1890 0 63 
870 1920 4 11 77 
900 1920 10 52 
390 600 3 20 31 
240 630 5 20 1 3 
330 600 3 73 20 16 31 
1770 1890 0 43 
270 600 3 14 73 20 
1140 1350 1 48 
210 1020 5 23 24 32 56 
1020 930 1 21 38 69 51 65 
30 60 8 36 62 78 12 14 3 13 31 7 5 73 16 1 
1050 930 19 
540 1320 5 28 29 40 24 26 44 23 68 64 
360 1170 18 47 24 5 32 22 28 64 
240 1200 18 26 32 64 22 23 40 29 
840 1650 6 30 77 
240 1320 24 44 56 22 40 
780 1830 6 55 2 4 
390 1170 22 23 
300 1290 22 40 24 
990 1800 25 37 54 63 75 
360 600 3 20 14 12 
270 1110 24 23 47 18 
1950 1980 8 41 57 51 1 61 
60 870 7 5 
1080 1410 0 39 2 
420 600 20 
990 1920 30 67 0 54 75 63 
1140 1050 19 65 41 51 
1050 1380 35 58 2 
270 1290 22 24 29 26 
2130 1980 33 51 66 38 
450 600 3 
1800 1890 15 76 
540 1350 26 45 68 22 
240 1350 44 
660 1710 4 59 60 2 
270 1140 23 32 
1110 1350 17 
30 870 5 50 8 7 4 
60 930 49 5 4 
1050 1050 41 19 33 38 1 
930 1920 11 
0 0 8 72 
1050 1890 30 75 37 63 
750 1800 27 4 60 
210 1380 26 68 4 18 
1860 1950 33 61 
1050 1350 39 74 
660 1740 46 4 60 
720 1770 2 46 4 59 55 
1860 1920 1 57 0 33 
450 570 20 
1110 1920 9 30 37 0 54 
360 1200 24 23 22 
1080 1020 38 19 
1080 930 41 
960 1920 37 
600 1380 56 44 22 
90 0 19 
510 570 3 71 
480 570 70 
30 0 53 79 
300 570 14 16 20 
1080 1350 58 
1020 1860 54 37 30 
1830 1890 43 
840 1890 10 25 4 6 
60 810 20 7 5 
60 0 72 
