90
0 2400 1 2 4 10 70 5 21 59 
2340 2400 0 3 11 69 6 80 10 4 
0 630 0 5 7 8 84 16 59 18 44 41 
1560 1620 1 6 22 38 64 84 87 48 89 
480 2370 0 19 34 10 72 70 31 1 
90 900 2 15 41 59 16 0 21 
1800 1890 3 9 16 30 33 55 1 68 44 62 87 65 85 80 77 
90 630 2 18 29 35 28 36 
0 270 2 20 27 42 35 18 24 28 61 
870 1860 6 62 15 16 77 68 33 
150 2010 0 12 21 31 37 4 19 43 34 23 70 25 86 1 40 60 88 51 71 69 
2430 2400 1 89 48 
270 1920 10 13 14 47 49 68 15 74 17 83 57 25 50 86 75 69 80 56 81 
300 1980 12 
390 1560 12 17 79 76 74 83 50 
180 1020 5 25 9 12 68 16 74 
930 1740 6 85 2 9 15 5 30 44 77 
450 1620 14 26 50 53 63 12 57 56 47 
30 600 7 28 2 8 
240 2310 4 23 72 10 34 70 37 
120 420 8 24 28 61 
90 1980 10 71 5 0 
510 570 3 
180 2280 19 70 10 37 
150 450 20 32 36 35 8 
180 1830 15 86 88 10 12 
450 1560 17 75 63 
0 150 8 58 42 35 
60 600 18 61 20 7 8 
480 630 7 46 54 35 
960 1710 6 44 16 85 
420 2310 10 40 34 4 60 43 
180 510 24 35 36 
930 1860 6 65 9 
270 2310 4 43 10 19 31 
450 600 7 39 36 24 32 42 8 29 45 27 
150 510 24 67 78 35 7 32 
210 2280 10 23 19 
1590 1590 3 48 
60 240 35 42 
360 2280 31 43 60 10 51 
60 870 5 59 2 
30 240 39 45 8 35 27 
300 2280 40 51 34 10 31 
960 1680 30 66 87 6 2 84 16 
30 270 42 35 
480 570 29 
450 1740 12 17 
1590 1560 38 52 3 11 
690 1860 12 56 81 75 
390 1590 17 12 14 
330 2250 43 10 40 
30 0 48 
510 1710 17 57 56 73 
510 630 29 
1800 1920 6 68 80 
630 1800 49 63 82 57 53 73 81 17 12 
480 1770 53 73 56 12 17 
0 0 27 
30 870 5 2 41 0 
390 2280 40 10 31 
90 390 28 20 8 
930 1800 9 77 6 
480 1620 56 75 17 26 
540 630 3 
930 1830 33 6 
1020 1650 44 87 84 
150 570 36 
840 1920 12 74 55 6 15 80 9 75 
270 2010 1 80 12 10 
150 2340 23 4 19 10 72 0 
120 1980 21 10 
240 2340 19 4 70 
510 1770 57 56 53 82 
300 1380 68 76 83 79 12 14 15 
780 1890 63 49 68 12 26 
330 1530 74 14 79 
930 1770 62 9 6 16 
180 570 36 
360 1530 14 74 76 
1890 2010 69 1 68 55 12 6 
630 1830 49 56 12 
540 1770 56 73 
300 1530 74 14 12 
990 1620 2 3 66 44 
960 1740 16 30 6 
210 1890 25 10 12 88 
1590 1680 66 44 6 3 
180 1860 25 10 86 
1590 1620 11 3 
