70
1140 780 1 2 9 15 35 34 
150 870 0 3 17 19 61 5 
870 660 0 4 5 60 6 35 34 
0 900 1 12 14 16 31 42 
810 600 2 6 8 10 46 
180 660 2 7 13 18 22 49 1 34 
840 330 4 25 27 2 
210 720 5 34 13 
510 600 4 20 33 53 
1170 780 0 63 25 
600 390 4 11 57 
630 540 10 52 
30 840 3 
180 750 5 7 34 
30 780 3 
990 630 0 43 
0 0 3 
1140 870 1 48 
450 600 5 23 24 36 20 
120 840 1 21 38 69 
480 570 8 36 62 18 
150 150 19 33 
180 570 5 28 29 40 
420 570 18 47 
270 570 18 26 32 64 
1320 810 6 30 61 9 
300 570 24 44 56 
1230 750 6 55 
180 210 22 33 
210 540 22 
1410 900 25 37 54 
30 60 3 
240 540 24 
570 540 8 41 57 21 28 
930 750 7 5 0 2 13 
900 660 0 39 2 
480 600 20 18 
1380 900 30 67 
90 840 19 65 
900 630 35 58 
210 570 22 
90 60 33 51 66 
150 900 3 
960 630 15 
330 570 26 45 
360 570 44 
720 540 4 59 
390 570 23 
1170 870 17 
450 630 5 50 
480 630 49 
30 0 41 
660 540 11 
600 570 8 
1200 870 30 
1200 750 27 
300 450 26 68 
600 540 33 10 
930 630 39 
690 540 46 
510 630 2 
1140 810 1 25 
360 450 20 
1170 750 9 
240 570 24 
60 840 38 
60 60 41 
1350 900 37 
330 450 56 
60 780 19 
