40
30 180 1 3 4 5 17 19 9 20 10 15 27 8 
0 810 0 2 9 14 3 27 
960 810 1 25 28 
30 480 0 10 1 19 22 15 35 
30 90 0 7 
690 600 0 6 7 11 13 16 39 
750 780 5 12 16 
120 180 5 8 31 18 4 
60 150 7 18 0 
300 510 1 27 30 0 19 
90 330 3 15 20 0 22 32 
780 750 5 
720 780 6 
240 150 5 24 
0 0 1 33 
60 300 10 0 3 
870 780 5 21 29 37 6 
390 570 0 
60 180 8 7 
270 480 0 22 3 20 36 9 35 
180 420 10 22 36 0 19 32 
870 690 16 23 
90 420 20 32 35 19 3 10 
900 690 21 
210 150 13 34 
990 810 2 26 
1020 810 25 
360 570 9 30 0 1 
930 780 2 
900 780 16 
300 540 9 27 
120 150 7 
120 390 22 10 20 
30 0 14 34 
180 150 24 38 33 
90 450 22 3 19 
210 420 20 19 
810 750 16 
150 150 34 
360 780 5 
