80
1920 2100 1 3 4 5 17 19 12 76 42 24 10 68 
270 2040 0 2 9 14 42 68 25 5 19 
300 1590 1 25 28 14 73 49 
900 1950 0 10 47 61 68 75 15 70 71 77 62 
2190 2130 0 5 24 7 31 
0 150 0 6 7 11 13 16 39 15 22 38 73 58 75 9 45 1 10 34 4 12 
210 2010 5 12 38 
90 30 5 8 31 53 18 4 
120 90 7 18 
720 1920 1 27 30 60 5 14 68 73 49 
1770 1950 3 15 20 40 65 22 5 64 32 0 70 
0 0 5 52 
240 2040 6 0 34 38 17 5 
0 2130 5 24 45 48 
480 1890 1 33 66 26 2 25 49 50 9 
990 1830 10 55 5 3 64 75 77 16 70 
1020 1200 5 21 29 37 41 22 43 46 23 55 15 
240 2070 0 34 12 
90 150 8 57 7 31 
810 1980 0 76 68 1 
1470 1710 10 22 36 56 35 74 37 40 32 44 
1140 1740 16 23 46 41 43 29 
1320 1500 20 32 35 74 16 36 5 10 72 37 
1230 1740 21 16 46 29 
30 2130 13 34 48 0 79 4 
300 1860 2 26 14 1 
330 1800 25 54 69 14 28 51 66 
690 1890 9 
330 1740 2 51 26 
1260 1770 16 43 23 21 37 
750 1920 9 68 60 
180 150 7 57 18 4 
1500 1710 22 20 10 
510 1830 14 49 50 
150 2070 24 38 45 48 79 17 12 5 
1350 1650 22 44 20 74 
1410 1650 20 22 74 
1290 1800 16 59 67 72 20 40 22 43 29 
180 2010 34 5 12 6 
630 1890 5 58 
1470 1770 10 37 56 20 
1170 1680 16 46 21 
810 2040 1 0 76 
1110 1830 29 63 16 55 67 21 37 
1350 1680 35 20 72 
30 1950 34 5 13 48 
1200 1710 41 16 21 23 
990 1860 3 70 71 
30 1980 34 24 79 45 13 
570 1890 33 73 14 50 9 2 
510 1860 33 49 14 
360 1770 28 26 66 
30 0 11 
60 0 7 
330 1860 26 
1020 1740 15 64 78 63 43 16 
1500 1770 20 40 
120 120 18 31 
660 1890 39 5 
1320 1680 37 72 
750 1890 9 68 30 
840 1920 3 62 75 68 
870 1920 61 75 3 
1080 1830 43 78 55 
1020 1830 55 78 10 15 
1500 1830 10 67 
390 1800 14 51 26 
1320 1830 37 43 65 
810 1950 1 3 60 9 30 19 0 75 61 
360 1860 26 
1050 1920 47 71 3 10 15 
990 1890 70 47 3 
1320 1650 59 37 22 44 
600 1890 49 5 2 9 
1380 1650 22 20 35 36 
810 1650 61 77 5 3 15 62 68 
810 2010 19 0 42 
930 1800 75 15 3 
1050 1830 63 64 55 
60 2040 34 48 24 
