50
0 120 1 3 4 5 17 19 22 20 
0 1140 0 2 9 14 42 49 33 
1170 1140 1 25 28 24 30 35 
540 690 0 10 47 20 36 40 15 
0 60 0 
480 1020 0 6 7 11 13 16 39 37 12 21 8 34 
300 930 5 12 21 37 
570 990 5 8 31 13 18 
510 900 7 18 24 5 13 17 
1290 1230 1 27 30 49 
660 840 3 15 20 40 
120 660 5 21 16 
300 960 6 39 5 21 
600 1020 5 24 8 7 
0 1230 1 33 49 
630 810 10 3 40 
150 720 5 21 29 37 41 46 11 43 
510 870 0 8 
510 930 8 7 31 
30 90 0 22 
810 870 10 22 36 3 0 40 47 24 
120 990 16 23 39 11 41 46 5 6 29 12 37 43 
60 120 20 32 35 0 19 
180 810 21 43 41 
990 1050 13 34 2 8 20 
150 120 2 26 35 
120 120 25 
1320 1230 9 
1020 1110 2 
270 870 16 43 21 37 
1200 1140 9 2 35 
510 960 7 18 
90 120 22 
30 1200 14 49 1 
90 1110 24 38 45 48 5 
90 30 22 44 25 30 2 
540 870 20 3 47 
300 900 16 5 21 29 6 
90 990 34 
300 990 5 21 12 
600 840 10 3 15 20 47 
180 780 16 46 21 23 43 
30 1110 1 
240 840 29 23 21 41 16 
90 0 35 
990 1110 34 
150 750 41 21 16 
570 840 3 20 40 36 
60 1110 34 
60 1230 33 1 14 9 
