60
0 210 1 3 6 10 12 29 53 42 49 21 
1440 1260 0 2 46 
300 1260 1 4 5 13 59 43 
0 1260 0 20 24 56 41 
210 1170 2 11 41 
330 870 2 7 8 23 31 58 
210 120 0 15 21 49 42 25 
630 1200 5 39 
750 1230 5 9 14 28 30 44 
780 1110 8 54 
930 1200 0 22 26 27 35 
180 1140 4 17 19 40 
60 30 0 18 
390 1230 2 34 30 43 
780 1200 8 
300 210 6 16 25 
330 210 15 52 
150 1140 11 37 
90 30 12 
90 1050 11 38 
30 1140 3 
150 60 6 33 42 0 
840 1110 10 
390 1170 5 51 
30 1080 3 55 
270 210 15 6 
810 1200 10 35 
960 1200 10 
990 1230 8 
0 0 0 50 
510 1230 8 32 57 13 
330 840 5 
540 1200 30 36 
120 30 21 
360 1200 13 43 
780 1140 26 10 
570 1200 32 
120 1140 17 47 
60 1050 19 56 
600 1200 7 
90 1080 11 
30 1260 4 48 3 
150 90 21 6 0 
330 1200 34 45 2 13 
360 840 8 
330 1170 43 58 
390 210 1 
90 1140 37 
240 1260 41 
210 180 6 53 0 
30 0 29 
420 1170 23 
360 210 16 
240 210 49 0 
810 1110 9 
60 1080 24 
30 1050 3 38 
450 1170 30 
360 1170 45 5 
270 1260 2 
