50
1110 660 1 3 6 10 12 29 
300 570 0 2 46 
270 570 1 4 5 13 19 11 
300 240 0 20 24 
30 660 2 11 41 13 40 
300 210 2 7 8 23 31 
390 540 0 15 21 49 29 25 42 16 
330 120 5 39 
480 150 5 9 14 28 30 44 
510 90 8 
660 210 0 22 26 27 
0 300 4 17 19 40 2 34 
1080 660 0 18 
60 540 2 34 4 
510 150 8 
480 480 6 16 25 33 
540 540 15 6 
0 0 11 37 
1050 660 12 
180 510 11 38 2 
420 390 3 
420 450 6 33 42 
540 90 10 
480 210 5 
330 510 3 
480 510 15 6 
570 150 10 35 
630 210 10 
540 210 8 
330 570 0 6 
450 120 8 32 
90 0 5 
420 120 30 36 
450 450 21 15 42 
60 510 13 43 11 
540 150 26 
390 120 32 
30 0 17 47 
150 510 19 
360 120 7 
0 660 11 4 
270 660 4 48 
420 420 21 33 6 
90 510 34 45 
510 210 8 
120 510 43 
300 510 1 
60 0 37 
1020 660 41 
360 510 6 
