60
30 0 1 2 4 10 34 24 32 
240 450 0 3 11 2 34 40 24 32 8 46 
1230 1200 0 5 7 8 1 49 46 10 56 38 40 31 3 57 29 17 
240 780 1 6 22 38 43 52 40 2 55 44 46 
60 270 0 19 34 40 10 23 
1260 1110 2 15 41 59 26 17 
420 1020 3 9 16 30 33 55 44 
510 780 2 18 29 35 54 42 39 46 
450 450 2 20 27 24 36 58 1 
480 1110 6 16 55 33 
30 1260 0 12 21 31 37 19 4 23 2 49 56 
180 420 1 34 40 
1620 1290 10 13 14 47 49 
1650 1290 12 
1500 1200 12 17 
1260 990 5 25 17 26 
420 1110 6 55 9 33 44 
1470 1200 14 26 50 53 41 15 5 59 2 
420 750 7 28 35 39 
90 1110 4 23 10 37 31 40 
330 420 8 24 36 
0 1290 10 
600 1170 3 38 
60 1080 19 4 10 
300 420 20 32 36 8 0 1 
1260 900 15 
1290 1050 17 5 15 59 
330 330 8 58 
390 720 18 39 35 
300 540 7 46 54 2 
390 990 6 44 
120 1170 10 40 19 2 37 
270 390 24 0 1 
450 1080 6 16 9 
180 390 4 1 0 11 40 
390 690 7 39 54 18 28 
330 390 24 8 20 
90 1140 10 19 31 
570 1170 3 48 44 52 2 40 55 22 
360 750 35 42 54 7 18 28 
150 1170 31 43 4 3 1 11 2 34 38 48 19 
1290 1110 5 17 
330 750 39 45 54 46 7 
240 1050 40 51 52 3 48 
360 1140 30 38 6 3 55 16 
300 720 42 54 46 
270 780 29 42 2 54 45 7 3 1 
1500 1170 12 
240 1140 38 52 43 51 40 
1290 1260 12 56 2 10 
1470 1170 17 
270 1110 43 48 52 
330 1140 48 43 3 38 51 
1290 1170 17 57 
300 570 29 42 35 39 7 46 45 
540 1140 6 38 3 16 44 9 
1230 1230 49 2 10 
1260 1170 53 2 
360 390 27 8 
1290 1080 5 17 26 
