80
30 600 1 3 6 10 12 29 53 26 
750 600 0 2 46 
780 630 1 4 5 13 59 73 68 37 78 7 
240 300 0 20 24 56 10 22 26 27 6 
2040 1860 2 11 41 61 59 19 31 5 
780 1680 2 7 8 23 31 11 4 
120 120 0 15 21 49 10 53 33 55 3 24 
810 1440 5 39 68 32 2 
1020 1470 5 9 14 28 30 44 32 57 36 54 
1020 1440 8 54 
480 540 0 22 26 27 76 6 53 49 3 20 35 
1560 1680 4 17 19 40 37 38 59 5 
30 1830 0 18 79 48 23 
870 1080 2 34 
870 1380 8 30 32 
660 570 6 16 25 33 52 
180 90 15 52 21 33 
1020 1650 11 37 
150 1830 12 70 
1770 1680 11 38 65 74 40 4 59 
300 450 3 10 22 76 27 
150 60 6 33 42 16 
330 420 10 20 3 76 
60 1800 5 51 12 
150 210 3 55 72 6 
690 570 15 
240 510 10 35 62 27 0 3 
270 450 10 26 20 3 62 
1020 1530 8 71 
30 90 0 50 
870 1350 8 32 57 14 
900 1830 5 4 
840 1380 30 36 8 57 7 39 14 
150 120 21 15 6 52 16 
870 1260 13 43 73 45 68 
300 510 26 62 10 
870 1440 32 8 
1410 1620 17 47 11 59 73 67 78 2 
1590 1500 19 63 74 65 11 40 66 59 
840 1440 7 32 
1590 1650 11 63 38 19 66 74 
2010 1860 4 48 
150 0 21 
990 1260 34 45 73 58 
1110 1530 8 71 73 54 
900 1140 43 58 69 73 60 34 
720 570 1 
1470 1380 37 67 78 59 
60 1860 41 64 12 
510 540 6 53 10 
60 90 29 75 
90 1800 23 
180 120 16 33 15 
540 570 49 6 10 0 
1050 1470 9 44 8 
120 180 24 6 
180 270 3 
840 1290 30 32 8 
960 1230 45 60 69 43 
1530 1410 2 78 11 47 4 37 19 38 
900 1230 58 45 
180 0 4 
270 480 26 35 27 
1620 1590 38 66 40 
30 1860 48 
1710 1650 19 38 74 
1650 1620 63 40 74 38 
1440 1350 47 37 78 
840 1260 7 2 34 
930 1200 45 58 
120 1800 18 
1050 1530 44 28 
120 270 24 
1350 1560 44 77 37 45 34 2 43 
1680 1650 19 38 66 40 65 
90 90 50 
330 450 10 22 20 
1020 1590 73 
1440 1320 59 47 37 2 67 
0 1860 12 
