30
780 750 1 3 4 5 17 19 7 10 16 28 18 
510 630 0 2 9 14 10 25 28 27 
330 600 1 25 28 10 7 14 
360 360 0 10 15 16 19 
810 780 0 
30 750 0 6 7 11 13 16 24 18 20 
210 540 5 12 7 13 20 
300 630 5 8 6 0 13 24 17 18 10 2 20 28 
330 690 7 18 
420 570 1 27 14 25 
330 420 3 15 20 1 19 0 16 7 2 25 
0 780 5 
180 510 6 
210 570 5 24 7 6 
390 600 1 9 27 25 26 2 
360 390 10 19 3 
30 0 5 21 29 3 20 10 0 
360 720 0 7 18 
300 720 8 7 17 5 0 
390 420 0 10 15 3 
150 240 10 22 23 16 21 29 6 7 5 
90 180 16 23 20 29 
150 510 20 
90 210 21 20 
210 600 13 5 7 
360 480 2 26 1 14 10 9 
360 570 25 14 
420 600 9 14 1 
330 630 2 0 1 7 
60 210 16 20 21 
