40
30 630 1 3 4 5 17 19 9 20 10 15 27 8 28 16 
420 480 0 2 9 14 3 27 13 19 30 33 
420 420 1 25 28 
270 450 0 10 1 19 22 15 35 
420 540 0 7 31 
930 840 0 6 7 11 13 16 39 29 21 23 
0 840 5 12 16 
510 630 5 8 31 18 4 
420 600 7 18 0 
60 180 1 27 30 0 19 
60 390 3 15 20 0 22 32 
60 810 5 29 12 
30 810 6 11 
600 510 5 24 1 
450 450 1 33 
60 420 10 0 3 
0 630 5 21 29 37 6 23 0 
420 510 0 
420 630 8 7 
60 210 0 22 3 20 36 9 35 1 
60 300 10 22 36 0 19 32 
90 780 16 23 29 5 
180 390 20 32 35 19 3 10 36 
120 780 21 16 5 
570 480 13 34 
450 420 2 26 33 
30 0 25 
60 120 9 30 0 1 
30 30 2 0 
60 780 16 21 5 11 
90 180 9 27 1 
420 570 7 4 
90 360 22 10 20 
510 480 14 34 25 1 
540 480 24 38 33 
210 390 22 3 19 
90 300 20 19 22 
0 0 16 
540 420 34 
960 840 5 
