60
1320 1200 1 3 4 5 17 19 32 9 
450 600 0 2 9 14 42 28 51 
450 1200 1 25 28 51 22 
900 1170 0 10 47 
180 60 0 
0 120 0 6 7 11 13 16 39 8 23 21 12 58 
120 390 5 12 23 21 
150 120 5 8 31 53 
120 90 7 18 5 
780 960 1 27 30 20 10 0 15 
870 1170 3 15 20 40 9 
30 360 5 52 21 16 
150 390 6 5 23 
210 420 5 24 23 
540 720 1 33 
810 1140 10 55 20 9 40 
0 1230 5 21 29 37 41 24 11 52 
210 120 0 
90 60 8 57 
1350 1230 0 
540 1170 10 22 36 56 9 27 33 15 
90 420 16 23 11 6 52 5 
510 1200 20 32 35 2 
180 420 21 6 13 24 5 12 
240 450 13 34 16 23 
420 1200 2 26 
390 1200 25 54 
750 930 9 20 33 56 
480 690 2 51 1 
240 570 16 43 48 38 
930 1140 9 
150 60 7 
540 1200 22 0 
690 870 14 49 50 36 20 27 56 
360 570 24 38 45 48 43 
510 780 22 44 
540 840 20 33 49 
240 1230 16 59 
240 480 34 29 
0 0 5 58 
840 1140 10 15 
240 1200 16 46 
420 570 1 
270 570 29 34 48 
540 780 35 
390 570 34 
330 1200 41 
900 1140 3 
270 540 34 29 43 
540 810 33 36 
570 780 33 
510 720 28 1 2 
30 390 11 21 16 
180 120 7 
360 1200 26 
780 1110 15 
690 900 20 27 33 
60 60 18 
30 60 39 5 
1320 1230 37 
