70
1050 570 1 3 6 10 12 29 
630 600 0 2 46 44 12 
540 510 1 4 5 13 59 
1080 510 0 20 24 56 
480 480 2 11 41 61 59 
210 870 2 7 8 23 31 
810 450 0 15 21 49 
180 870 5 39 68 
540 870 5 9 14 28 30 44 12 
600 780 8 54 28 
930 450 0 22 26 27 53 
0 0 4 17 19 40 38 
1350 870 0 18 57 44 30 1 8 
570 510 2 34 
540 570 8 
780 510 6 16 25 
750 480 15 52 
30 870 11 37 40 
1410 870 12 
240 360 11 38 65 66 63 
990 450 3 
810 420 6 33 42 
960 450 10 
210 450 5 51 
990 420 3 55 
750 510 15 
900 420 10 35 62 
930 420 10 
570 750 8 44 9 
840 510 0 50 
720 810 8 32 57 12 
240 480 5 
690 780 30 36 
840 420 21 
600 510 13 43 
870 420 26 
660 780 32 
60 870 17 47 
330 360 19 63 66 11 
150 870 7 
0 870 11 17 
330 450 4 48 
810 360 21 
630 510 34 45 
570 630 8 28 1 12 
660 510 43 58 69 
570 570 1 
90 870 37 67 
300 450 41 64 
840 450 6 53 
810 510 29 
240 450 23 
720 480 16 
900 450 49 10 
630 780 9 
960 420 24 
1440 870 3 
720 840 30 12 
660 480 45 60 
480 450 2 4 
690 480 58 
450 480 4 
840 360 26 
270 330 38 66 19 
270 450 48 
210 360 19 
270 300 63 19 38 
120 870 47 
180 360 7 
690 510 45 
