30
30 0 1 3 4 5 17 19 7 10 
30 690 0 2 9 14 10 
750 690 1 25 28 
150 570 0 10 15 16 19 
660 630 0 
450 510 0 6 7 11 13 16 24 
300 480 5 12 7 13 
210 300 5 8 6 0 13 24 17 
210 480 7 18 
0 720 1 27 
60 630 3 15 20 1 19 0 16 
480 510 5 
270 480 6 
330 480 5 24 7 6 
690 660 1 
90 540 10 19 3 
180 600 5 21 29 3 20 10 
240 300 0 7 
240 480 8 
90 510 0 10 15 3 
630 630 10 22 23 16 21 29 
450 600 16 23 20 
510 510 20 
450 570 21 20 
360 480 13 5 7 
780 690 2 26 
810 720 25 
30 720 9 
720 660 2 
450 540 16 20 
