50
120 360 1 2 9 15 35 
30 540 0 3 17 19 
150 0 0 4 5 29 
990 600 1 12 14 16 31 42 
360 510 2 6 8 10 46 
660 510 2 7 13 18 22 49 29 34 
270 510 4 25 27 
690 300 5 34 49 
390 420 4 20 33 41 
30 330 0 
390 390 4 11 
420 390 10 
870 510 3 
750 390 5 
840 540 3 
150 360 0 43 
1020 600 3 
0 600 1 48 
690 540 5 23 24 
120 510 1 21 38 23 
480 510 8 36 33 41 
150 510 19 
570 510 5 28 29 40 23 
600 540 18 47 19 22 
780 540 18 26 32 
240 510 6 30 
780 510 24 44 
150 390 6 
540 510 22 
600 480 22 2 5 
210 510 25 37 
780 390 3 
810 540 24 
420 480 8 41 20 
750 330 7 49 5 
60 300 0 39 
510 510 20 
180 510 30 
120 390 19 
30 300 35 
450 390 22 
390 510 33 8 20 
960 600 3 
180 360 15 46 
810 510 26 45 
840 510 44 
210 360 4 43 
120 540 23 
30 600 17 
690 270 5 7 34 
