80
330 480 1 2 3 4 41 
120 420 0 17 19 
1200 1350 0 5 6 8 10 12 32 
30 180 0 7 
180 390 0 13 
180 630 2 16 
1680 1380 2 25 29 58 75 
0 180 3 11 18 36 49 
600 1080 2 9 15 16 22 34 
210 720 8 22 24 27 66 
240 600 2 26 
240 150 7 28 30 
330 1350 2 14 40 
150 390 4 52 70 
210 1230 12 37 45 
240 1080 8 34 61 59 
180 840 5 20 33 59 66 8 22 61 
150 480 1 19 
0 90 7 23 
120 600 17 31 48 53 1 
180 1080 16 21 61 
150 1080 20 64 
210 690 9 16 8 
0 0 18 44 65 
300 840 9 27 
390 150 6 42 
210 600 10 
270 840 24 50 9 
210 120 11 
330 60 6 
270 150 11 35 54 56 
150 600 19 71 
180 510 2 
270 1020 16 
360 1050 15 38 8 
300 150 30 
0 1380 7 39 78 
60 1380 14 72 79 39 74 45 47 
330 1020 34 46 
30 1380 36 51 55 37 
300 1350 12 
90 270 0 43 
360 150 25 63 
60 270 41 
90 90 23 57 60 
60 1080 14 47 69 73 37 79 
300 1020 38 
90 1140 45 74 37 
150 510 19 
150 120 7 67 57 
240 840 27 66 
30 330 39 68 
90 330 13 
90 600 19 
300 60 30 
60 390 39 77 
270 30 30 62 
120 90 44 49 
330 30 6 
240 1020 16 15 
60 90 44 
210 1080 20 15 16 
300 30 56 
330 150 42 
120 1080 21 
30 90 23 
210 840 50 16 9 
180 120 49 
60 330 51 
60 600 45 
120 390 13 
180 600 31 
210 1380 37 76 
90 1080 45 
120 1170 47 37 
270 1380 6 
240 1380 72 
90 390 55 
30 270 36 
150 1200 37 45 
