60
300 1590 1 2 3 4 41 44 18 19 53 17 23 14 
960 1530 0 17 53 19 31 
0 1620 0 5 6 8 10 12 32 33 16 4 14 
330 900 0 7 11 30 35 54 44 
300 720 0 13 2 14 19 7 40 52 12 
30 510 2 16 10 
210 570 2 25 29 58 33 10 
870 1380 3 11 18 36 49 35 30 28 23 4 39 52 19 13 
0 0 2 9 15 20 16 38 34 21 22 
300 300 8 22 24 16 20 34 
60 540 2 26 5 29 16 6 
420 1170 7 28 30 3 23 44 57 
300 660 2 14 40 4 
360 870 4 52 7 
1260 1620 12 37 45 4 0 2 40 
210 240 8 34 22 
30 330 5 20 33 59 2 42 25 8 32 27 9 24 10 26 
990 1560 1 19 48 41 0 
330 1380 7 23 19 0 
900 1410 17 31 48 53 18 41 1 0 4 7 
60 270 16 21 34 38 8 46 9 
90 180 20 38 8 
240 270 9 34 8 15 
330 1170 18 44 49 11 7 0 39 57 36 
330 330 9 27 16 
180 510 6 42 33 16 29 58 
90 510 10 29 16 
630 630 24 50 16 
450 1170 11 30 7 
120 540 6 10 26 25 58 
450 1140 11 35 54 56 7 28 3 
930 1500 19 53 1 
300 630 2 33 16 
270 600 16 2 25 32 6 
180 270 15 38 20 46 22 8 9 
540 1140 30 7 3 54 56 
420 1290 7 39 55 23 
1140 1590 14 
120 210 34 46 21 20 8 
390 1320 36 51 55 7 23 
330 720 12 14 4 
1080 1590 0 43 19 48 17 
150 480 25 16 
1110 1590 41 
330 1080 23 57 0 11 3 
1680 1620 14 47 
120 240 38 34 20 
690 630 45 
1020 1560 19 41 17 
360 1350 7 23 
660 630 27 
390 1350 39 
330 870 13 4 7 
900 1500 19 1 31 0 
480 1080 30 35 3 56 
420 1320 39 36 
480 1110 30 54 35 
360 1140 44 11 23 
180 540 6 29 25 
120 480 16 
