60
30 720 1 2 3 4 41 44 18 19 53 17 23 14 
180 1530 0 17 53 19 31 
0 660 0 5 6 8 10 12 32 33 16 4 
450 1350 0 7 11 30 35 54 44 
0 1620 0 13 2 14 19 
30 90 2 16 10 
660 660 2 25 29 58 33 
690 1590 3 11 18 36 49 35 30 28 23 
60 570 2 9 15 20 16 38 34 
90 360 8 22 24 16 20 
0 30 2 26 5 29 
450 1530 7 28 30 3 23 44 
1680 1620 2 14 40 
30 1560 4 52 
930 1620 12 37 45 4 0 
90 420 8 34 
60 120 5 20 33 59 2 42 25 8 32 27 9 24 
150 1530 1 19 48 41 0 
330 1590 7 23 19 0 
300 1590 17 31 48 53 18 41 1 0 4 
420 570 16 21 34 38 8 46 9 
150 540 20 38 
120 420 9 34 
360 1560 18 44 49 11 7 0 
120 360 9 27 16 
570 630 6 42 33 16 29 
0 0 10 29 
150 360 24 50 16 
480 1530 11 30 7 
600 600 6 10 26 25 
480 1500 11 35 54 56 7 28 3 
210 1530 19 53 1 
450 600 2 33 16 
480 630 16 2 25 32 6 
120 450 15 38 20 46 22 8 
570 1500 30 7 3 54 56 
720 1590 7 39 
780 1500 14 
120 540 34 46 21 20 8 
750 1590 36 51 55 
720 660 12 
120 1560 0 43 19 48 17 
510 600 25 16 
90 1560 41 
420 1500 23 57 0 11 3 
840 1590 14 47 
150 510 38 34 20 
810 1590 45 
150 1560 19 41 17 
450 1560 7 23 
180 360 27 
750 1500 39 
60 1560 13 
210 1500 19 1 31 0 
510 1440 30 35 3 56 
780 1590 39 
510 1470 30 54 35 
390 1470 44 
690 660 6 
210 360 16 
