70
870 870 1 3 6 10 12 29 22 
1470 1080 0 2 46 44 12 4 29 
1530 1110 1 4 5 13 59 
810 810 0 20 24 56 39 
30 1080 2 11 41 61 59 16 1 21 40 
1170 750 2 7 8 23 31 28 
540 960 0 15 21 49 10 22 
1080 660 5 39 68 
1020 840 5 9 14 28 30 44 12 
1170 810 8 54 28 
630 810 0 22 26 27 53 6 49 
30 630 4 17 19 40 38 63 37 65 
900 870 0 18 57 44 30 1 8 
1560 1110 2 34 
1020 720 8 
510 930 6 16 25 45 43 
180 930 15 52 4 45 
60 780 11 37 40 67 
930 780 12 30 57 
120 630 11 38 65 66 63 
780 810 3 
180 990 6 33 42 4 
630 840 10 0 6 
1080 720 5 51 31 
750 780 3 55 
540 570 15 
660 810 10 35 62 27 
630 780 10 26 
1230 840 8 44 9 5 54 
870 900 0 50 1 
990 810 8 32 57 12 18 
1080 690 5 23 
990 660 30 36 
240 1050 21 42 
1590 1110 13 43 
690 810 26 
1020 660 32 
90 720 17 47 40 11 
60 600 19 63 66 11 
840 420 7 3 
180 810 11 17 37 67 47 4 
180 840 4 48 
180 1020 21 33 
480 0 34 45 15 
1260 870 8 28 1 12 
480 900 43 58 69 15 16 
900 960 1 
90 750 37 67 40 
210 840 41 64 
540 720 6 53 10 
870 960 29 
1050 720 23 
180 870 16 
570 780 49 10 
1170 780 9 28 
720 780 24 
570 570 3 
900 720 30 12 18 
390 810 45 60 
0 1110 2 4 
360 810 58 
180 1050 4 
690 780 26 
30 510 38 66 19 11 65 
240 840 48 
330 810 19 11 63 
90 600 63 19 38 
90 780 47 40 17 
1050 660 7 
270 840 45 
