60
0 0 1 3 4 5 17 19 32 9 26 25 54 47 7 42 
330 780 0 2 9 14 42 28 51 33 27 25 30 19 50 
540 720 1 25 28 51 22 
0 1590 0 10 47 59 9 5 16 37 
810 900 0 
1500 1590 0 6 7 11 13 16 39 8 23 21 12 58 31 3 32 
1110 1380 5 12 23 21 58 39 
1530 1530 5 8 31 53 0 
1680 1590 7 18 5 31 
60 600 1 27 30 20 10 0 15 3 42 47 
60 930 3 15 20 40 9 55 
1110 1500 5 52 21 16 
1140 1380 6 5 23 
780 960 5 24 23 22 
540 780 1 33 50 
90 840 10 55 20 9 40 
60 1500 5 21 29 37 41 24 11 52 23 59 3 
360 600 0 25 26 
1590 1500 8 57 
120 570 0 1 
180 930 10 22 36 56 9 27 33 15 40 49 
1080 1440 16 23 11 6 52 5 58 
750 930 20 32 35 2 36 13 
1080 1290 21 6 13 24 5 12 16 41 
780 990 13 34 16 23 29 46 41 38 
450 630 2 26 0 28 1 54 17 
390 600 25 54 0 17 
210 780 9 20 33 56 1 
450 660 2 51 1 25 
960 1230 16 43 48 38 46 41 24 34 45 
90 600 9 42 1 
1530 1560 7 5 8 
840 930 22 0 5 
630 840 14 49 50 36 20 27 56 1 
840 1200 24 38 45 48 43 29 
750 900 22 44 
690 900 20 33 49 22 
90 1560 16 59 3 
810 1200 34 29 24 
1140 1440 5 58 6 
120 900 10 15 20 55 
1020 1260 16 46 29 24 23 
90 570 1 9 30 0 
870 1200 29 34 48 
780 900 35 
870 1140 34 29 
990 1230 41 29 24 
30 570 3 9 0 
870 1170 34 29 43 
630 870 33 36 20 
540 750 33 1 14 
450 690 28 1 2 
1080 1470 11 21 16 
1530 1500 7 
420 600 26 0 25 
90 870 15 10 40 
210 810 20 27 33 
1560 1500 18 
1110 1440 39 5 21 6 
60 1530 37 3 16 
