70
0 1500 1 3 4 5 17 19 57 18 8 7 31 
1530 1440 0 2 9 14 42 68 8 7 18 69 26 
1290 1290 1 25 28 51 
0 1170 0 10 47 61 5 16 15 
990 1230 0 5 7 17 
990 1200 0 6 7 11 13 16 39 10 3 35 29 37 20 65 4 53 59 67 40 
1020 1020 5 12 
1080 1290 5 8 31 53 1 0 4 26 17 
1110 1350 7 18 1 0 57 31 
1560 1440 1 27 30 60 
30 1020 3 15 20 40 65 5 11 62 35 37 16 55 61 52 44 64 
240 960 5 52 10 40 20 
1050 1020 6 
150 360 5 24 48 
1590 1500 1 33 66 
150 1170 10 55 47 3 
0 390 5 21 29 37 41 10 3 43 67 
990 1260 0 7 4 
1140 1410 8 57 0 1 
1530 1500 0 
210 900 10 22 36 56 5 35 44 32 11 
0 360 16 23 
120 870 20 32 35 56 36 
30 360 21 
120 360 13 34 48 
1200 1290 2 26 28 51 
1170 1290 25 54 69 7 53 1 28 
1590 1440 9 
1200 1200 2 51 25 26 
120 660 16 43 63 5 67 
1590 1410 9 
1080 1320 7 0 8 
90 870 22 35 20 44 
1710 1500 14 49 50 
90 360 24 38 45 48 
60 720 22 44 37 5 10 59 20 32 56 
150 870 20 22 
60 660 16 59 67 35 10 5 
90 0 34 
990 960 5 58 
240 990 10 11 5 65 
180 600 16 46 43 
1080 1020 1 
150 630 29 63 16 41 
60 870 35 20 10 32 
60 360 34 
210 630 41 
30 1140 3 55 15 61 
120 330 34 24 13 
1620 1440 33 
1620 1410 33 
1230 1260 28 2 25 
210 930 11 10 
1020 1140 7 54 5 26 
1110 1260 26 53 
120 1140 15 64 47 61 10 62 
150 840 20 22 35 
1110 1380 18 0 8 
1020 960 39 
90 720 37 35 5 
120 0 9 
30 1110 3 62 55 47 10 
60 1110 61 10 55 
180 660 43 29 
90 1110 55 10 
240 1020 10 5 40 
1560 1500 14 
90 660 37 5 29 16 
1050 960 1 
1170 1140 26 1 
