30
300 570 1 2 9 15 13 
210 810 0 3 17 19 4 6 27 21 13 25 15 2 28 8 10 12 7 20 
30 270 0 4 5 9 27 15 1 13 8 
390 630 1 12 14 16 7 13 
30 720 2 6 8 10 1 25 27 11 
0 90 2 7 13 18 22 8 20 
60 690 4 25 27 1 
510 690 5 28 22 29 3 1 16 
0 840 4 20 10 11 5 2 1 
270 540 0 2 15 
60 780 4 11 8 1 
30 750 10 8 4 
390 660 3 1 
360 600 5 1 2 0 16 3 
420 630 3 16 
240 540 0 2 9 1 
390 570 3 13 14 7 
510 750 1 19 21 
90 90 5 23 24 20 
540 780 1 21 17 28 
840 840 8 28 18 5 1 
510 720 19 28 1 17 
540 660 5 28 29 7 
0 0 18 
30 60 18 26 
60 720 6 4 1 
0 60 24 
60 660 6 1 2 4 
690 810 22 21 7 29 20 1 19 
540 690 22 28 7 
