90
2040 1320 1 2 3 4 41 13 
2190 1470 0 17 
1020 1320 0 5 6 8 10 12 32 16 13 25 64 63 34 15 9 14 26 59 
1380 660 0 7 
1860 1290 0 13 84 
270 1080 2 16 59 
330 750 2 25 29 58 75 42 63 
1380 1200 3 11 18 36 49 60 67 
150 450 2 9 15 34 38 
120 1080 8 22 24 37 2 15 
300 1320 2 26 80 
1470 1200 7 28 30 
1110 1260 2 14 40 
1830 1290 4 52 70 14 2 0 51 
1110 1200 12 37 45 13 40 72 2 76 51 
150 1080 8 34 38 46 2 9 59 
240 1020 5 20 33 59 2 64 34 
150 1470 1 19 81 
1410 870 7 23 
30 1350 17 31 48 53 86 
270 1020 16 21 61 64 
300 990 20 64 61 
90 1320 9 89 37 
1500 960 18 44 65 84 
120 1320 9 27 
330 900 6 42 64 2 75 
300 1290 10 2 
150 1320 24 50 
1530 1170 11 
300 720 6 
1620 1200 11 35 54 56 
60 1470 19 71 86 
300 630 2 82 34 
270 720 16 
240 630 15 38 82 46 32 8 2 16 
1620 1110 30 
1290 1110 7 39 78 69 68 51 
90 180 14 72 79 22 9 
180 570 34 46 15 8 
1290 1200 36 51 55 
1140 1260 12 14 
1620 930 0 43 
390 900 25 63 6 75 
1590 930 41 
1500 1140 23 57 60 
1140 990 14 47 69 73 51 
180 600 38 34 15 
150 0 45 74 
0 1470 19 86 
1410 1110 7 67 60 
180 1320 27 66 
1140 1200 39 68 45 13 36 14 
1650 1110 13 
30 1320 19 
1590 1170 30 85 87 
1320 1200 39 77 
1650 1200 30 62 
1530 1140 44 
450 900 6 63 
240 1080 16 2 5 15 
1470 1140 44 49 67 7 
330 1020 20 21 
1680 1200 56 
420 900 42 2 58 6 
270 930 21 25 16 20 2 
1530 930 23 88 
210 1320 50 
1410 1080 49 60 7 
1170 1080 51 69 36 73 
1230 1080 45 36 68 78 73 
1710 1200 13 
90 1470 31 
1020 1140 37 76 14 
1170 1050 45 69 68 
120 0 47 
360 870 6 25 42 
1020 1170 72 14 
1350 1200 55 
1230 1050 36 69 
90 0 37 
270 1320 10 83 
120 1470 17 
270 600 34 32 
240 1320 80 
1530 960 4 23 
1560 1170 54 
30 1470 48 31 19 
1560 1140 54 
1560 930 65 
60 1320 22 
