40
30 690 1 3 6 10 12 29 
0 720 0 2 
780 720 1 4 5 13 
120 30 0 20 24 
690 690 2 11 
540 480 2 7 8 23 31 
180 690 0 15 21 
240 180 5 39 
450 420 5 9 14 28 30 32 
300 420 8 28 32 
180 450 0 22 26 27 
660 690 4 17 19 21 
30 0 0 18 
810 720 2 34 
360 390 8 28 32 30 
510 690 6 16 25 
510 630 15 37 
570 630 11 37 
60 0 12 
630 690 11 38 
90 0 3 
480 510 6 33 11 
180 180 10 
240 450 5 
150 30 3 
540 690 15 
210 420 10 35 
210 450 10 
330 390 8 14 32 9 
180 60 0 
390 390 8 32 14 
510 480 5 
270 240 30 36 8 28 14 9 
480 480 21 
840 720 13 
240 420 26 
270 420 32 
540 630 17 16 
600 690 19 
210 180 7 
