70
1830 1860 1 3 4 5 17 19 57 18 8 7 31 
0 30 0 2 9 14 42 68 8 7 18 69 26 28 66 54 3 25 
630 810 1 25 28 51 
0 1860 0 10 47 61 5 16 15 14 1 
750 990 0 5 7 17 
300 990 0 6 7 11 13 16 39 10 3 35 29 37 20 65 4 53 59 67 40 63 66 24 
180 870 5 12 66 14 
750 930 5 8 31 53 1 0 4 26 17 
780 900 7 18 1 0 57 31 
30 30 1 27 30 60 
960 1680 3 15 20 40 65 5 11 62 35 37 16 55 61 52 44 64 
690 1470 5 52 10 40 20 
180 960 6 14 39 
330 870 5 24 48 34 38 
30 960 1 33 66 3 12 6 
1110 1830 10 55 47 3 
300 1650 5 21 29 37 41 10 3 43 67 63 23 
780 990 0 7 4 
810 870 8 57 0 1 
1920 1860 0 
660 1500 10 22 36 56 5 35 44 32 11 52 
330 1500 16 23 41 46 
720 1590 20 32 35 56 36 
330 1470 21 41 16 43 
330 720 13 34 48 53 5 
600 870 2 26 28 51 1 
720 900 25 54 69 7 53 1 28 
90 30 9 60 
690 870 2 51 25 26 1 
510 1590 16 43 63 5 67 41 
0 0 9 
780 930 7 0 8 
750 1620 22 35 20 44 
60 510 14 49 50 
420 840 24 38 45 48 13 
630 1650 22 44 37 5 10 59 20 32 56 
690 1560 20 22 56 
570 1650 16 59 67 35 10 5 
360 810 34 13 45 
210 930 5 58 12 
720 1470 10 11 5 65 
420 1560 16 46 43 23 21 29 
90 480 1 
330 1440 29 63 16 41 23 
780 1650 35 20 10 32 
360 780 34 38 
330 1530 41 21 
960 1800 3 55 15 61 
450 870 34 24 13 
60 480 33 
150 510 33 
630 840 28 2 25 
690 1500 11 10 20 
540 900 7 54 5 26 24 66 
540 870 26 53 1 
1050 1800 15 64 47 61 10 62 
660 1560 20 22 35 36 
810 900 18 0 8 
210 960 39 
600 1620 37 35 5 
60 0 9 27 
960 1770 3 62 55 47 10 
990 1770 61 10 55 
330 1410 43 29 16 5 
1020 1770 55 10 
750 1470 10 5 40 
180 540 14 53 6 5 1 
540 1620 37 5 29 16 
120 480 1 
570 870 26 1 
