70
510 780 1 2 4 10 20 
0 420 0 3 11 69 4 19 34 
540 0 0 5 7 8 17 25 15 41 
0 960 1 6 22 38 64 
150 420 0 19 34 1 
1230 720 2 15 41 59 17 
30 930 3 9 16 30 33 55 8 62 
780 510 2 18 29 35 46 
1380 840 2 20 27 6 44 55 30 16 
90 750 6 62 
540 780 0 12 21 31 37 40 43 41 
30 330 1 69 
690 720 10 13 14 47 49 68 56 
870 660 12 56 49 
870 570 12 17 
1170 690 5 25 2 
150 810 6 55 8 
1110 720 14 26 50 53 5 2 
690 420 7 28 31 
90 360 4 23 1 
330 780 8 24 22 0 32 
1290 780 10 41 
30 480 3 20 36 24 
60 330 19 
240 720 20 32 36 48 22 55 
1140 690 15 2 
1080 720 17 
1410 930 8 58 44 
660 420 18 61 
810 480 7 46 54 
1380 930 6 44 8 
540 270 10 40 18 
270 780 24 55 20 
30 660 6 65 62 55 
90 390 4 1 
660 510 7 39 68 
150 630 24 67 22 48 
630 690 10 
30 570 3 48 
660 480 35 42 
570 600 31 43 60 68 10 
1260 750 5 21 10 2 
690 480 39 45 
570 660 40 51 10 
1500 960 30 66 27 8 58 
720 480 42 
810 510 29 7 54 
840 540 12 53 
90 630 38 52 24 36 
870 690 12 56 13 
900 510 17 
600 660 43 
60 630 48 
870 540 17 57 54 47 
840 510 29 53 46 
150 780 6 32 8 24 16 33 
930 720 49 63 12 13 
870 510 53 
1440 930 27 44 
1200 690 5 
600 420 40 
630 420 28 
60 720 9 33 6 
1050 720 56 
30 960 3 
30 630 33 
1470 960 44 
120 600 36 
660 690 12 35 40 
0 300 1 11 
