70
0 1260 1 2 3 4 41 
90 1260 0 17 
30 1170 0 5 6 8 10 12 32 16 26 59 
30 390 0 7 
0 270 0 13 39 
60 1020 2 16 
60 810 2 25 29 58 12 40 
480 390 3 11 18 36 49 44 51 68 
1440 1170 2 9 15 69 34 19 25 14 45 47 
390 1140 8 22 24 50 
90 1050 2 26 20 16 
510 390 7 28 30 
30 420 2 14 40 6 
30 330 4 52 39 
210 600 12 37 45 63 58 8 
630 390 8 34 
60 900 5 20 33 59 21 2 61 10 
1590 1260 1 19 
150 120 7 23 36 57 44 39 55 68 
1620 1260 17 31 48 53 8 
120 1080 16 21 61 10 26 33 
270 1080 20 64 59 16 
330 1080 9 
270 270 18 44 65 
180 1110 9 27 
300 810 6 42 8 63 
90 1080 10 2 20 
150 1110 24 50 
540 390 11 
90 570 6 
510 270 11 35 54 56 
570 270 19 
90 1140 2 
150 1020 16 20 
600 330 15 38 8 
540 270 30 
150 360 7 39 18 44 60 49 67 
120 570 14 
600 390 34 46 
90 360 36 51 55 52 68 18 4 13 
90 510 12 6 
30 1230 0 43 
240 780 25 63 58 
60 1230 41 
240 300 23 57 60 36 7 18 67 49 
330 750 14 47 69 8 
570 390 38 
360 810 45 8 
570 240 19 
270 360 7 67 44 36 
150 1140 27 66 9 
90 0 39 68 7 
30 360 13 39 
570 210 19 
540 240 30 
120 90 39 18 
510 210 30 62 
180 240 44 18 
90 780 6 14 42 
60 870 16 21 2 
180 270 44 36 
180 1050 20 16 
540 210 56 
240 750 42 14 25 
300 1080 21 
300 300 23 
120 1140 50 
240 330 49 44 36 
120 60 51 39 7 18 
330 810 45 8 
