50
180 930 1 2 3 4 41 8 43 7 13 
210 810 0 17 41 43 11 
870 1050 0 5 6 8 10 12 32 7 26 4 23 
180 990 0 7 
240 1020 0 13 2 7 
960 1050 2 16 10 12 6 
900 900 2 25 29 21 20 10 26 16 5 
90 1110 3 11 18 36 49 30 2 35 0 28 4 
720 930 2 9 15 0 
570 900 8 22 24 19 34 38 15 11 17 23 
930 1020 2 26 5 6 
150 600 7 28 30 35 36 17 9 24 1 
1260 1170 2 14 40 20 5 16 45 
210 990 4 0 
30 1170 12 37 45 
690 900 8 34 38 46 9 
990 1050 5 20 33 12 6 
300 900 1 19 31 48 41 11 9 
90 0 7 23 20 
330 810 17 31 48 9 
1110 1020 16 21 6 18 29 12 33 
930 870 20 6 29 
270 600 9 
600 780 18 44 2 9 
240 600 9 27 36 11 
690 690 6 42 
900 990 10 2 6 
150 510 24 
120 570 11 36 7 
930 900 6 21 20 
180 780 11 35 7 
330 840 19 17 48 
870 1110 2 
1110 1050 16 20 
600 810 15 38 9 46 
150 750 30 11 7 
120 540 7 39 24 11 28 
0 1170 14 45 
600 870 34 46 15 9 
120 510 36 
900 1110 12 
270 900 0 43 1 17 
660 690 25 
240 870 41 1 0 
630 690 23 
30 1140 14 47 37 12 
630 870 38 34 15 
30 1110 45 
360 870 19 17 31 
60 1110 7 
