30
150 150 1 3 6 10 12 29 18 2 25 4 
300 390 0 2 3 12 18 
270 480 1 4 5 13 14 3 20 24 29 0 11 17 
390 420 0 20 24 5 2 1 12 
30 390 2 11 0 29 
510 540 2 7 8 23 3 14 20 9 28 26 10 
120 120 0 15 21 25 16 
510 660 5 8 14 
630 690 5 9 14 28 23 7 11 26 
570 660 8 5 23 28 
810 810 0 22 26 27 11 5 
0 810 4 17 19 26 10 2 8 14 27 25 
360 390 0 18 1 3 
60 450 2 
300 660 8 2 5 7 11 
30 90 6 16 25 21 
0 0 15 6 21 25 
270 630 11 2 
330 360 12 0 1 
30 450 11 
420 480 3 24 2 5 
60 90 6 16 15 
660 780 10 27 
540 660 5 8 9 
390 450 3 20 2 
0 120 15 6 16 0 11 
660 720 10 11 27 8 5 
660 750 10 26 22 11 
600 660 8 5 9 
180 390 0 2 4 
