90
1530 1290 1 3 4 5 17 19 49 
720 1560 0 2 9 14 42 68 49 17 66 50 
750 1110 1 25 28 50 
420 180 0 10 47 61 
1590 1380 0 5 
2040 1800 0 6 7 11 13 16 39 4 
1620 1560 5 12 
660 1800 5 8 31 53 
510 1800 7 18 16 
1530 1560 1 27 30 60 
0 180 3 15 20 40 65 64 
1680 1530 5 52 
1590 1560 6 
2070 1830 5 24 
780 1170 1 33 66 
120 120 10 55 64 65 40 
630 1560 5 21 29 37 41 80 8 59 72 
1020 1260 0 1 
480 1800 8 57 
90 270 0 76 
0 1830 10 22 36 56 
750 1740 16 23 
30 1830 20 32 35 74 37 
780 1740 21 
420 1830 13 34 
780 1110 2 26 
810 1110 25 54 69 
1560 1560 9 
720 1080 2 51 
150 1080 16 43 
1560 1530 9 
810 1770 7 
270 1740 22 
840 1200 14 49 50 
390 1830 24 38 45 48 79 
270 1800 22 44 
30 1110 20 89 76 
240 1200 16 59 67 22 
300 1740 34 
1590 1410 5 58 
30 90 10 64 15 
720 1740 16 46 
690 1530 1 80 
120 1080 29 63 
300 1800 35 
330 1800 34 
690 1740 41 
360 120 3 70 86 
360 1830 34 
1020 1230 33 73 84 0 1 
780 1140 33 2 1 
690 1080 28 
1650 1530 11 85 
660 1740 7 
810 1050 26 
60 90 15 64 
30 1170 20 
450 1800 18 
1560 1410 39 
510 1500 37 72 16 
1530 1410 9 
210 150 3 62 75 
180 150 61 
120 1170 43 78 76 
0 0 55 10 40 15 
150 150 10 15 
780 1200 14 1 
210 1170 37 
690 1560 1 
840 1110 26 
330 120 47 71 
300 120 70 
510 1530 59 16 
840 1050 49 
270 1830 22 
210 120 61 77 
90 1170 19 63 36 
240 120 75 82 83 
150 1170 63 87 
420 1800 34 
660 1560 42 81 16 
660 1080 80 
270 120 77 
240 30 77 
870 1110 49 
1620 1530 52 88 
270 30 47 
180 1170 78 
1590 1530 85 
60 1170 36 
