90
1170 1170 1 2 4 10 70 
30 30 0 3 11 69 6 80 10 
1620 1620 0 5 7 8 84 16 
0 1680 1 6 22 38 64 84 
750 840 0 19 34 10 72 70 31 
1320 1350 2 15 41 59 16 
30 1590 3 9 16 30 33 55 1 68 
2010 1620 2 18 29 35 
1650 1590 2 20 27 42 
270 1470 6 62 15 16 77 
720 1290 0 12 21 31 37 4 19 43 34 23 70 25 86 1 
750 810 1 89 
690 1320 10 13 14 47 49 68 15 74 17 83 57 
510 1230 12 
270 1260 12 17 79 76 74 83 
1320 1440 5 25 9 12 68 16 
1440 1500 6 85 2 9 15 5 
300 990 14 26 50 53 63 12 
1680 1290 7 28 
900 1050 4 23 72 10 34 70 37 
1680 1500 8 24 28 
1170 1260 10 71 
1530 1650 3 
930 1110 19 70 10 37 
1710 1470 20 32 36 35 
1200 1320 15 86 88 10 
480 1230 17 
60 0 8 58 
1680 1380 18 61 20 
2040 1650 7 46 54 
1440 1590 6 44 
750 900 10 40 34 4 
1710 1500 24 35 
150 1440 6 65 
870 1020 4 43 10 19 31 
1950 1590 7 39 36 24 32 42 
1770 1410 24 67 78 35 
900 1080 10 23 19 
1530 1680 3 48 
1680 1530 35 42 
810 990 31 43 60 
1350 1440 5 
1680 1560 39 45 8 35 
750 990 40 51 34 10 
1440 1530 30 66 87 
1680 1590 42 
2010 1650 29 
330 960 12 
2010 1680 38 52 
480 1260 12 56 81 75 
300 960 17 
750 960 43 
2040 1680 48 
300 1260 17 57 
2070 1680 29 
60 1290 6 68 80 
360 1200 49 63 82 57 
330 1260 53 73 56 12 
30 0 27 
1230 1260 5 
780 960 40 
1710 1380 28 
210 1440 9 77 
390 1200 56 75 17 
0 0 3 
180 1440 33 
1500 1590 44 87 84 
1740 1380 36 
150 1320 12 74 55 6 15 80 
60 1230 1 80 
1020 1140 23 4 19 10 72 0 
1200 1260 21 
930 1050 19 4 70 
360 1260 57 
180 1290 68 76 83 79 12 14 
420 1200 63 49 
180 1170 74 14 79 
180 1380 62 9 
1800 1470 36 
210 1230 14 74 76 
90 1260 69 1 68 55 
450 1260 49 
330 1170 56 
270 1290 74 14 12 
1530 1620 2 3 66 
1380 1440 16 
720 1320 25 10 
1470 1590 66 44 
1170 1290 25 
780 810 11 
