30
0 810 1 2 4 10 12 20 8 15 27 5 
810 810 0 3 11 2 15 18 25 8 10 20 22 13 24 26 
60 660 0 5 7 8 1 18 
180 420 1 6 22 10 26 
0 30 0 19 12 13 
30 630 2 15 0 
60 300 3 9 16 21 10 26 
150 660 2 18 29 
90 720 2 20 27 0 24 1 
120 390 6 21 10 16 
30 420 0 12 21 3 26 1 9 15 6 
180 240 1 17 26 
30 90 10 13 14 0 4 26 17 
90 90 12 19 4 1 
90 180 12 17 26 
30 450 5 25 18 1 0 10 
90 360 6 21 9 
150 210 14 26 11 12 
90 570 7 28 25 15 1 2 29 
30 30 4 23 13 
90 780 8 24 0 1 
60 360 10 6 9 16 
210 420 3 26 1 
0 0 19 
120 780 20 8 1 
120 570 15 18 1 
60 240 17 3 12 14 22 10 11 6 1 
60 690 8 0 
90 630 18 29 
120 630 7 18 28 
