90
30 420 1 2 9 15 35 43 12 84 36 39 5 13 14 
1440 1860 0 3 17 19 61 87 21 38 7 5 48 73 
1530 1920 0 4 5 60 36 13 
570 1830 1 12 14 16 31 42 70 17 61 88 35 48 19 73 15 
1740 1800 2 6 8 10 46 30 37 78 36 
0 1920 2 7 13 18 22 49 1 36 0 45 
1740 1860 4 25 27 
510 1830 5 34 1 73 
90 150 4 20 33 53 89 72 79 78 11 10 
690 1170 0 63 58 39 84 74 35 
150 240 4 11 77 8 
90 180 10 52 8 
870 1290 3 0 35 39 15 
1470 1890 5 0 2 
120 720 3 73 35 22 31 26 83 0 
900 1320 0 43 3 12 
900 1380 3 
1110 1800 1 48 3 19 
30 1680 5 23 24 64 81 32 45 
1110 1770 1 21 38 69 87 65 80 61 17 3 
60 120 8 36 62 78 
1140 1590 19 1 87 61 
360 1710 5 28 29 40 83 14 34 
210 1680 18 47 64 
90 1560 18 26 32 64 82 81 
1740 1890 6 30 60 
90 1530 24 44 56 14 
1770 1860 6 55 
270 1680 22 
180 1530 22 
2100 1920 25 37 54 60 4 67 46 
600 1230 3 14 35 
120 1620 24 82 64 18 
270 150 8 41 57 
480 1800 7 22 83 
660 1260 0 39 14 12 3 31 9 58 
0 240 20 86 0 5 2 78 4 
1950 1800 30 67 46 4 
1260 1770 19 65 80 85 87 1 69 
840 1260 35 58 84 63 9 74 0 12 
420 1800 22 
300 150 33 51 66 
900 1500 3 
960 1380 15 76 0 61 
30 1470 26 45 
30 1500 44 81 5 18 
1950 1740 4 59 54 37 30 67 
240 1680 23 
1110 1830 17 1 3 
360 1800 5 50 
390 1800 49 
330 150 41 
90 240 11 
120 60 8 72 79 
2130 1920 30 75 46 
1800 1890 27 
120 1530 26 68 
240 120 33 
690 1230 39 74 9 35 
360 150 46 
1740 1920 2 25 30 
1110 1530 1 70 19 3 88 21 43 
30 90 20 
720 1170 9 39 84 
180 1650 24 18 32 23 
1140 1680 38 80 85 19 69 
300 60 41 
1980 1800 37 30 46 
150 1530 56 
1140 1650 19 87 38 65 
900 1440 3 71 88 61 
930 1500 70 
180 90 53 79 89 8 
540 1830 14 1 7 3 
720 1230 58 39 9 
2160 1920 54 
930 1380 43 
120 240 10 
60 240 20 4 36 8 
90 0 72 53 8 
1140 1740 65 38 85 19 
60 1530 45 18 24 
90 1590 32 24 
390 1710 22 34 14 
720 1140 39 0 63 9 
1170 1740 65 38 80 
0 90 36 
1140 1620 19 1 69 38 21 
900 1410 70 3 61 
210 120 72 8 
