80
1800 1440 1 2 9 15 35 8 61 
1200 840 0 3 17 19 61 
0 1440 0 4 5 60 6 27 
510 150 1 12 14 16 31 42 70 20 
30 1260 2 6 8 10 46 
0 900 2 7 13 18 22 49 
120 1350 4 25 27 2 
450 870 5 34 20 
630 1050 4 20 33 53 49 0 
960 1410 0 63 
630 1260 4 11 77 
630 1230 10 52 
510 300 3 20 
450 900 5 20 
480 0 3 73 20 
1830 1440 0 43 
570 330 3 
1230 1050 1 48 
330 840 5 23 24 
1110 810 1 21 38 69 
480 900 8 36 62 78 12 14 3 13 31 7 
1050 780 19 
0 570 5 28 29 40 24 
360 840 18 47 
300 810 18 26 32 64 22 
750 1350 6 30 77 
150 810 24 44 56 
60 1320 6 55 2 
30 720 22 
150 780 22 
900 1410 25 37 54 63 
540 330 3 20 
180 780 24 
900 1050 8 41 57 
420 840 7 
1380 1050 0 39 
600 360 20 
870 1410 30 67 
990 690 19 65 41 
1350 1050 35 58 
0 540 22 
990 810 33 51 66 38 
630 360 3 
1860 1440 15 76 
90 750 26 45 68 
60 720 44 
30 1020 4 59 
390 840 23 
1260 1050 17 
120 1020 5 50 8 
90 1020 49 
1020 780 41 
660 1230 11 
870 660 8 72 
720 1230 30 75 
30 1290 27 
120 810 26 68 
1020 1050 33 61 
1320 1050 39 74 
60 1020 46 
120 1410 2 
1200 1050 1 57 0 
660 390 20 
930 1410 9 30 
30 540 24 
960 660 38 
1020 810 41 
840 1410 37 
30 810 56 44 
1080 810 19 
690 390 3 71 
720 390 70 
900 660 53 79 
1920 1440 14 
1290 1050 58 
690 1230 54 
1890 1440 43 
660 1260 10 25 
750 420 20 
930 660 72 
