40
480 450 1 2 4 10 3 34 
60 420 0 3 11 4 10 21 
510 450 0 5 7 8 28 33 20 
30 480 1 6 22 38 0 10 
270 330 0 19 34 10 23 1 17 21 11 
510 180 2 15 
600 510 3 9 16 30 33 
540 330 2 18 29 35 20 28 
540 390 2 20 27 
510 480 6 
30 0 0 12 21 31 37 4 14 1 3 34 
270 420 1 4 
150 300 10 13 14 31 
180 300 12 
180 240 12 17 10 
540 180 5 25 
30 510 6 
240 300 14 26 4 
570 240 7 28 35 29 20 39 
330 420 4 23 
750 420 8 24 18 7 2 
90 300 10 4 1 
480 480 3 
300 420 19 4 
840 420 20 32 36 
570 180 15 
210 300 17 
540 360 8 
540 210 18 2 7 
570 300 7 18 39 
900 510 6 
120 300 10 12 
930 510 24 
540 450 6 2 
330 330 4 0 10 37 
630 330 7 39 18 
600 180 24 
300 300 10 34 
0 510 3 
600 300 35 18 29 
