90
510 120 1 3 6 10 12 29 46 4 47 18 67 70 17 37 43 
630 1800 0 2 46 29 4 41 70 
2220 1830 1 4 5 13 59 85 20 70 78 24 72 43 
510 30 0 20 24 56 5 
930 1800 2 11 41 61 19 89 66 0 16 59 1 87 85 17 50 
480 1890 2 7 8 23 31 81 44 79 51 24 18 56 28 70 3 39 
1170 1290 0 15 21 49 11 33 67 42 
90 1530 5 39 68 
60 1890 5 9 14 28 30 44 23 68 32 
210 1830 8 54 23 28 
1620 1260 0 22 26 27 76 45 
960 1290 4 17 19 40 87 89 16 47 33 37 82 6 74 15 
510 1710 0 18 79 
2100 1740 2 34 78 59 
0 1830 8 32 
1560 1620 6 16 25 43 11 52 
1260 1650 15 52 11 4 87 43 
960 1140 11 37 4 0 
570 1770 12 70 0 5 79 
1140 1590 11 38 65 74 4 66 89 63 80 87 40 
2100 1650 3 2 43 24 55 
1080 1260 6 33 42 67 47 
1740 1410 10 45 58 
180 1710 5 51 81 9 44 8 31 77 
2400 1890 3 55 72 83 5 2 20 56 
1590 1620 15 
1650 1620 10 35 62 58 27 45 
1680 1380 10 88 58 26 
240 1860 8 81 5 9 
690 1650 0 50 46 1 64 41 48 
90 1920 8 32 57 
300 1860 5 81 23 
30 1920 30 36 14 8 
1050 1260 21 47 11 82 6 
2070 1710 13 43 59 
1770 1560 26 60 58 62 
0 1920 32 
990 1170 17 47 11 0 
990 1470 19 63 80 66 89 
90 1500 7 5 
1170 1560 11 74 19 
690 1770 4 48 64 61 29 1 
1110 1260 21 6 67 
2070 1680 34 45 15 52 20 16 2 0 
90 1560 8 71 73 5 23 51 77 
1980 1620 43 58 69 86 22 62 10 26 
660 1620 1 29 0 
1020 1200 37 67 82 33 11 21 0 
720 1710 41 64 29 
1200 1290 6 53 
720 1590 29 75 84 64 61 4 
210 1710 23 44 5 
1560 1650 16 43 15 
1230 1290 49 
180 1800 9 
2250 1830 24 20 
510 0 3 5 24 
2460 1920 30 
1740 1440 45 60 26 62 88 27 69 35 22 
1260 1770 2 78 4 34 85 13 
1740 1530 58 35 
870 1770 4 84 64 41 50 75 
1800 1590 26 86 58 45 69 35 
990 1560 38 66 19 65 80 
780 1740 48 61 41 50 29 84 
1020 1560 19 63 80 
960 1560 63 19 89 38 4 
1050 1170 47 21 6 0 42 
60 1530 7 8 
1830 1560 45 58 62 
600 1800 18 2 1 0 5 
120 1650 44 73 77 
2220 1860 24 2 
150 1680 44 77 71 
1200 1590 19 40 87 11 
840 1740 50 84 61 
1620 1620 10 
90 1680 73 71 44 23 
2100 1770 59 13 2 
510 1740 12 5 18 
1020 1530 38 19 63 65 
270 1860 5 23 31 28 
1020 1230 47 33 11 
2430 1890 24 
810 1740 75 61 50 64 
1260 1800 2 4 59 
1830 1590 62 45 
1230 1620 11 19 4 74 16 
1680 1410 27 58 
960 1410 11 19 66 38 4 
