60
120 840 1 3 6 10 12 29 53 42 49 21 41 2 50 48 46 26 
60 810 0 2 46 41 
30 1380 1 4 5 13 59 43 18 0 41 51 12 19 38 32 30 
690 690 0 20 24 56 41 55 
0 1380 2 11 41 19 
270 990 2 7 8 23 31 58 18 51 39 45 43 54 14 44 28 
420 570 0 15 21 49 42 25 33 10 
330 1110 5 39 45 
1410 1350 5 9 14 28 30 44 31 34 54 38 
960 990 8 54 
150 300 0 22 26 27 35 49 6 
30 1560 4 17 19 40 
150 870 0 18 2 
270 1230 2 34 30 43 32 
420 1170 8 34 5 58 
240 510 6 16 25 21 33 52 
210 450 15 52 21 25 42 
60 1530 11 37 
180 900 12 5 2 51 23 56 
1650 1560 11 38 2 4 
750 690 3 56 24 55 
180 540 6 33 42 0 15 16 52 
210 270 10 35 26 27 
210 960 5 51 18 
720 660 3 55 20 
270 510 15 6 16 42 
150 180 10 35 27 0 22 50 29 
240 300 10 26 22 
930 990 8 54 5 
540 600 0 50 26 
480 1350 8 32 57 13 34 2 
930 870 5 8 44 56 
330 1320 30 36 59 2 13 
240 540 21 15 6 
390 1170 13 43 58 14 45 8 30 
180 240 26 10 22 
270 1260 32 59 
90 1530 17 47 
1470 1380 19 56 2 8 
300 1110 7 5 45 43 
0 1560 11 
0 0 4 48 3 0 1 2 50 46 
180 390 21 6 0 16 25 49 
270 1140 34 45 2 13 5 39 
930 900 8 31 5 54 
360 1140 43 58 7 5 39 34 
90 810 1 0 41 
120 1530 37 
630 660 41 0 
150 330 6 53 0 42 10 
600 630 29 41 0 26 
180 960 23 5 2 18 
210 480 16 21 15 
150 360 49 0 
930 930 9 5 28 8 44 
720 630 24 20 3 56 
840 750 3 38 20 31 18 55 
510 1320 30 
390 1140 45 5 34 14 
270 1290 2 32 36 
