90
1350 1350 1 3 6 10 12 29 46 4 47 
630 930 0 2 46 29 
630 1740 1 4 5 13 59 85 
1380 960 0 20 24 56 
750 1710 2 11 41 61 19 89 66 0 16 59 
600 1740 2 7 8 23 31 81 44 79 51 
1380 1050 0 15 21 49 11 33 67 
600 780 5 39 68 
240 1740 5 9 14 28 30 44 
420 1620 8 54 23 
780 780 0 22 26 27 76 
1590 1380 4 17 19 40 87 89 16 47 33 37 82 6 
630 810 0 18 79 
750 1740 2 34 
210 1740 8 
2250 1710 6 16 25 43 
1920 1710 15 52 11 4 
1380 1350 11 37 
660 900 12 70 
1620 1500 11 38 65 74 4 66 89 63 80 87 
1380 1020 3 
1440 1230 6 33 42 67 47 
180 210 10 45 
450 1650 5 51 81 9 44 
1500 1020 3 55 72 83 
1560 1020 15 
0 0 10 35 62 58 
750 780 10 88 
420 1710 8 81 
960 1320 0 50 46 1 64 41 
240 1500 8 32 57 
480 1710 5 81 
270 1500 30 36 
1470 1260 21 47 11 82 6 
780 1740 13 43 
0 1770 26 
300 1500 32 
1380 1320 17 47 11 
1740 1650 19 63 80 66 89 
630 780 7 
1680 1500 11 
780 1140 4 48 64 61 29 
1410 1200 21 
2310 1770 34 45 15 
390 1530 8 71 73 5 23 51 
150 1770 43 58 69 86 22 
990 1320 1 29 0 
1380 1290 37 67 82 33 11 21 0 
840 1230 41 64 
1980 1680 6 53 
870 1320 29 75 84 64 61 
480 1650 23 44 5 
1920 1680 16 
1950 1680 49 
390 1590 9 
1410 1020 24 
1380 930 3 
240 1440 30 
60 1770 45 60 26 62 
720 1680 2 78 4 
30 1770 58 
780 1320 4 84 64 41 50 
90 1740 26 86 58 
1680 1620 38 66 19 65 80 
810 1230 48 61 41 50 29 
1650 1590 19 63 
1620 1650 63 19 89 38 4 
1380 1200 47 21 6 
600 690 7 
180 1740 45 
690 900 18 
330 1500 44 
1410 930 24 
300 1440 44 77 
1650 1500 19 
810 1260 50 84 
630 690 10 
270 1440 73 
690 1650 59 
630 900 12 5 
1710 1620 38 19 63 
450 1710 5 23 31 28 
1470 1290 47 33 11 
1530 1020 24 
810 1290 75 61 50 
660 1650 2 
120 1740 62 45 
1590 1470 11 19 
720 780 27 
1860 1680 11 19 66 38 4 
