30
540 390 1 3 4 5 17 19 7 10 16 28 
450 300 0 2 9 14 10 25 
270 330 1 25 28 10 7 
630 390 0 10 15 16 19 
540 420 0 
30 570 0 6 7 11 13 16 24 
60 240 5 12 7 13 
240 360 5 8 6 0 13 24 17 18 10 2 
60 330 7 18 
360 210 1 27 14 
270 0 3 15 20 1 19 0 16 7 2 25 
0 600 5 
60 270 6 
60 210 5 24 7 6 
360 270 1 9 27 25 
600 360 10 19 3 
690 450 5 21 29 3 20 10 0 
270 360 0 7 
90 300 8 7 
570 360 0 10 15 3 
840 570 10 22 23 16 21 29 
720 510 16 23 20 29 
870 600 20 
720 540 21 20 
30 150 13 5 7 
330 270 2 26 1 14 10 
300 240 25 
390 270 9 14 
450 330 2 0 
690 570 16 20 21 
