90
0 2040 1 3 6 10 12 29 46 4 47 18 67 
1500 1350 0 2 46 29 4 41 70 
1230 990 1 4 5 13 59 85 20 70 78 
2250 2040 0 20 24 56 
1140 1080 2 11 41 61 19 89 66 0 16 59 1 87 85 17 
1620 1440 2 7 8 23 31 81 44 79 51 24 18 56 28 
30 780 0 15 21 49 11 33 67 42 
1620 2010 5 39 68 
1680 1980 5 9 14 28 30 44 23 68 
1710 1770 8 54 23 
0 660 0 22 26 27 76 
720 990 4 17 19 40 87 89 16 47 33 37 82 6 74 15 
1560 2010 0 18 79 
1140 900 2 34 78 
2010 1860 8 
420 690 6 16 25 43 11 
450 390 15 52 11 4 87 
750 1050 11 37 4 
1560 1380 12 70 0 5 79 
810 810 11 38 65 74 4 66 89 63 80 87 40 
2280 2040 3 2 
90 1020 6 33 42 67 47 
0 390 10 45 
1890 1800 5 51 81 9 44 8 31 
2190 2010 3 55 72 83 5 
360 660 15 
300 660 10 35 62 58 27 
30 630 10 88 58 26 
1980 1830 8 81 5 
1140 1290 0 50 46 1 64 41 48 
2010 1980 8 32 57 
1920 1770 5 81 23 
2010 1950 30 36 
120 900 21 47 11 82 6 
240 0 13 43 
330 660 26 
2040 1950 32 
720 1050 17 47 11 
840 960 19 63 80 66 89 
1650 2010 7 
750 780 11 74 19 
1320 1290 4 48 64 61 29 1 
60 990 21 6 
240 510 34 45 15 52 
1710 1650 8 71 73 5 23 51 
210 600 43 58 69 86 22 62 
1140 1320 1 29 0 
120 1050 37 67 82 33 11 21 0 
1230 1260 41 64 29 
450 780 6 53 
1140 1200 29 75 84 64 61 
1740 1650 23 44 5 
270 210 16 43 
480 780 49 
1710 1740 9 
2070 1950 24 
1650 1440 3 5 
2040 1980 30 
120 630 45 60 26 62 88 27 69 
1140 960 2 78 4 
60 570 58 
1140 1110 4 84 64 41 50 
270 630 26 86 58 45 
900 960 38 66 19 65 80 
1230 1230 48 61 41 50 29 84 
930 960 19 63 
960 990 63 19 89 38 4 
30 1020 47 21 6 0 
1650 1980 7 8 
150 570 45 58 
1530 1350 18 2 1 
1740 1710 44 73 
2070 1980 24 
1770 1740 44 77 71 
750 750 19 40 87 11 
1170 1200 50 84 
30 570 10 
1740 1740 73 
1140 930 59 13 2 
1590 2010 12 5 18 
870 930 38 19 63 
1950 1800 5 23 31 28 
150 960 47 33 11 
2160 2010 24 
1170 1170 75 61 50 64 
1230 1080 2 4 
240 600 62 45 
750 720 11 19 4 74 16 
30 600 27 58 
810 990 11 19 66 38 4 
