40
30 0 1 3 4 5 17 19 9 20 10 15 
30 810 0 2 9 14 3 
990 870 1 25 28 
60 780 0 10 1 19 22 
210 690 0 
600 720 0 6 7 11 13 16 39 
390 690 5 12 
630 720 5 8 31 
630 690 7 18 
840 810 1 27 30 0 
120 720 3 15 20 0 
360 570 5 
360 690 6 
420 540 5 24 
0 870 1 33 
90 690 10 0 
300 570 5 21 29 37 
270 540 0 
660 690 8 
780 780 0 22 3 
150 720 10 22 36 0 
270 690 16 23 
750 750 20 32 35 19 3 
330 690 21 
390 540 13 34 
930 810 2 26 
900 810 25 
840 780 9 30 
960 870 2 
330 570 16 
870 810 9 27 
660 720 7 
690 690 22 
30 870 14 
360 540 24 38 
690 720 22 
180 690 20 
300 540 16 
330 540 34 
240 720 5 
