80
300 180 1 3 4 5 17 19 12 
780 660 0 2 9 14 42 68 
780 240 1 25 28 14 
0 30 0 10 47 61 
390 600 0 
300 690 0 6 7 11 13 16 39 15 
330 600 5 12 
510 630 5 8 31 53 
480 600 7 18 
720 660 1 27 30 60 
120 1020 3 15 20 40 65 
510 690 5 52 
360 600 6 0 
510 660 5 24 
990 450 1 33 66 26 2 25 
150 990 10 55 5 
1350 900 5 21 29 37 41 22 43 46 
570 480 0 
450 600 8 57 
120 0 0 76 
1650 1020 10 22 36 56 35 74 
600 690 16 23 
1380 870 20 32 35 74 16 36 
570 690 21 
570 660 13 34 
810 420 2 26 14 
840 420 25 54 69 14 
690 660 9 
780 210 2 51 
330 870 16 43 
660 630 9 
540 480 7 
1380 900 22 
930 420 14 49 50 
600 660 24 38 45 48 79 
1380 780 22 44 20 74 
1410 870 20 22 74 
1050 600 16 59 67 72 
630 660 34 
330 780 5 58 
60 960 10 
390 840 16 46 
990 660 1 
330 900 29 63 16 
1050 450 35 
630 630 34 
390 810 41 16 
0 0 3 70 
630 600 34 
900 390 33 73 
900 420 33 
810 210 28 
540 690 11 
540 630 7 
840 390 26 
330 990 15 64 78 63 
840 210 20 
420 600 18 
360 780 39 
1050 660 37 72 
660 600 9 
0 1020 3 62 75 
30 960 61 
330 930 43 78 55 
390 990 55 78 
90 1020 10 
1020 450 14 
1020 570 37 
990 570 1 
870 420 26 
30 0 47 71 
60 0 70 
1080 660 59 37 
870 390 49 
1410 840 22 20 35 36 
30 1020 61 77 
90 0 19 
60 1020 75 
360 960 63 64 55 
570 630 34 
