90
540 1770 1 3 4 5 17 19 49 63 
30 1890 0 2 9 14 42 68 49 17 66 50 33 81 84 80 30 
60 1410 1 25 28 50 
570 1050 0 10 47 61 22 
570 990 0 5 
540 480 0 6 7 11 13 16 39 4 
540 450 5 12 39 
1380 1620 5 8 31 53 13 
1410 1620 7 18 16 85 11 52 
60 1350 1 27 30 60 
870 1800 3 15 20 40 65 64 
1410 1440 5 52 16 8 85 23 
90 0 6 
750 990 5 24 7 34 
90 1650 1 33 66 50 
720 1650 10 55 64 65 40 
1980 1920 5 21 29 37 41 80 8 59 72 11 32 22 
480 1740 0 1 49 
1440 1590 8 57 
570 1740 0 76 
900 1830 10 22 36 56 86 
1470 1440 16 23 
1080 1620 20 32 35 74 37 16 3 
1440 1440 21 11 
660 900 13 34 48 45 
90 1560 2 26 50 28 
120 1560 25 54 69 
90 1350 9 
240 1590 2 51 50 33 25 
690 1860 16 43 76 
30 1320 9 1 
1140 1500 7 
1200 1770 22 59 16 
330 1680 14 49 50 1 28 
630 990 24 38 45 48 79 13 
1050 1590 22 44 
690 1830 20 89 76 
1140 1830 16 59 67 22 72 74 
690 960 34 45 
570 480 5 58 6 
780 1770 10 64 15 65 
2070 1920 16 46 
540 1890 1 80 
660 1860 29 63 
1020 1590 35 
660 930 34 38 24 
630 480 41 
930 1590 3 70 86 
630 870 34 24 
480 1710 33 73 84 0 1 17 
60 1590 33 2 1 28 14 25 66 
180 1560 28 
1560 1620 11 85 8 
1350 1620 7 
150 1560 26 
750 1740 15 64 
1080 1830 20 
1470 1590 18 
600 480 39 
1170 1800 37 72 16 32 
60 0 9 
1110 1590 3 62 75 82 77 
1110 1500 61 
630 1860 43 78 76 0 
720 1800 55 10 40 15 
810 1770 10 15 40 
60 1620 14 1 50 
1110 1830 37 
540 1860 1 
120 1530 26 
960 1590 47 71 
990 1590 70 
1170 1830 59 16 37 
120 1350 49 
1170 1740 22 37 
1140 1590 61 77 
660 1830 19 63 36 29 
1170 1620 75 82 83 61 
600 1860 63 87 
600 990 34 
570 1920 42 81 16 1 
0 1920 80 1 
1110 1620 77 61 
1320 1620 77 
60 1380 49 1 
1440 1500 52 88 8 11 
900 1590 47 20 
570 1860 78 
1500 1590 85 
690 1800 36 
