70
1230 1560 1 2 9 15 35 34 43 25 7 
600 1590 0 3 17 19 61 5 43 25 7 48 30 37 54 4 16 
1020 1260 0 4 5 60 6 35 34 59 9 27 39 58 63 46 
450 1620 1 12 14 16 31 42 22 41 40 19 66 29 33 48 5 50 49 
660 960 2 6 8 10 46 55 27 19 59 25 1 30 
1560 1770 2 7 13 18 22 49 1 34 47 40 8 3 53 16 50 
840 1230 4 25 27 2 9 
1260 1590 5 34 13 1 0 
0 0 4 20 33 53 22 5 28 47 62 
840 1470 0 63 25 2 35 6 
90 390 4 11 57 19 33 
120 1410 10 52 
510 1560 3 
1290 1590 5 7 34 
450 1710 3 22 40 
840 1530 0 43 25 
600 1620 3 5 1 
510 1500 1 48 19 
1770 1740 5 23 24 36 20 47 
180 510 1 21 38 69 10 17 65 3 48 4 57 41 66 
1680 1680 8 36 62 18 47 23 
270 1470 19 33 41 57 
0 1770 5 28 29 40 3 14 8 33 
1680 1710 18 47 20 
1800 1650 18 26 32 64 
810 1470 6 30 61 9 43 1 0 15 67 37 4 
1920 1770 24 44 56 
870 1230 6 55 4 2 
30 1500 22 33 8 
60 1590 22 3 42 33 
660 1320 25 37 54 1 4 
480 1530 3 
1800 1740 24 
60 1530 8 41 57 21 28 3 51 22 29 10 42 52 
1260 1530 7 5 0 2 13 
1050 1470 0 39 2 9 63 58 
1680 1650 20 18 
690 1380 30 67 61 25 1 54 
210 1410 19 65 69 
1080 1440 35 58 60 2 
480 1740 22 3 5 14 49 
330 1530 33 51 66 3 21 19 
90 1590 3 29 33 
810 1530 15 25 1 0 
1860 1740 26 45 
1830 1740 44 
690 930 4 59 2 
1590 1710 23 18 5 62 20 8 
480 1500 17 19 1 3 
510 1740 5 50 3 40 
540 1740 49 3 5 
270 1500 41 33 
90 1410 11 33 
1020 1230 8 5 
660 1350 30 37 1 
900 1230 27 4 
1980 1770 26 68 
150 1440 33 10 19 21 69 
1140 1470 39 2 35 
690 960 46 2 4 
1110 1440 2 39 
690 1440 1 25 37 67 
1620 1650 20 47 8 
1020 1440 9 35 2 
1800 1620 24 
240 1440 38 19 69 
360 1530 41 3 19 
720 1440 37 25 61 
1830 1620 56 
180 1440 19 65 38 57 
