60
600 600 1 3 6 10 12 29 53 42 49 21 41 2 50 
810 900 0 2 46 41 
420 960 1 4 5 13 59 43 18 0 41 51 12 
630 180 0 20 24 56 41 
1410 960 2 11 41 
0 0 2 7 8 23 31 58 18 51 39 45 43 
840 540 0 15 21 49 42 25 
300 840 5 39 45 
30 1020 5 9 14 28 30 44 31 
60 870 8 54 
630 840 0 22 26 27 35 
1530 990 4 17 19 40 
570 570 0 18 2 
240 960 2 34 30 43 
180 960 8 
750 480 6 16 25 21 33 
660 510 15 52 21 25 42 
1500 990 11 37 
540 540 12 5 2 
690 150 11 38 
690 300 3 
630 330 6 33 42 0 15 16 
660 750 10 35 
450 480 5 51 
660 300 3 55 
750 510 15 6 16 
720 810 10 35 27 
750 840 10 26 
180 990 8 
840 900 0 50 
180 900 8 32 57 13 
0 1020 5 8 
150 870 30 36 
690 420 21 15 
240 900 13 43 58 
690 780 26 10 22 
120 870 32 
1470 990 17 47 
660 150 19 56 
270 840 7 5 
1560 1020 11 
1380 930 4 48 3 0 1 2 50 
630 510 21 6 0 16 
390 930 34 45 2 13 5 
180 1020 8 
330 870 43 58 7 5 
630 870 1 
1440 990 37 
720 300 41 
870 570 6 53 0 
870 900 29 41 0 
480 510 23 5 2 
690 450 16 
900 600 49 0 
90 870 9 
630 300 24 
630 150 3 38 
210 960 30 
240 870 45 5 34 
600 870 2 
