50
30 1140 1 2 3 4 41 8 43 7 13 11 9 
840 1080 0 17 41 43 11 
30 780 0 5 6 8 10 12 32 7 26 4 23 45 18 13 
690 930 0 7 11 
90 870 0 13 2 7 
120 720 2 16 10 12 6 
60 540 2 25 29 21 20 10 26 16 5 33 
690 900 3 11 18 36 49 30 2 35 0 28 4 
0 1140 2 9 15 0 32 
1200 1170 8 22 24 19 34 38 15 11 17 23 0 36 44 
90 690 2 26 5 6 
840 960 7 28 30 35 36 17 9 24 1 0 3 
390 750 2 14 40 20 5 16 45 18 37 
60 840 4 0 2 
420 750 12 37 45 
0 1290 8 34 38 46 9 44 
150 720 5 20 33 12 6 
900 1140 1 19 31 48 41 11 9 
60 270 7 23 20 12 25 2 45 42 
990 1140 17 31 48 9 
330 720 16 21 6 18 29 12 33 42 40 
90 510 20 6 29 
720 690 9 
60 0 18 44 2 9 
930 960 9 27 36 11 
60 480 6 42 18 
60 660 10 2 6 
900 930 24 
720 840 11 36 7 30 
90 540 6 21 20 
720 870 11 35 7 28 
930 1110 19 17 48 
0 750 2 8 
180 690 16 20 6 
1260 1260 15 38 9 46 44 
720 900 30 11 7 
720 720 7 39 24 11 28 9 
420 720 14 45 12 
1200 1200 34 46 15 9 
870 930 36 
360 720 12 20 
870 1140 0 43 1 17 
90 480 25 20 18 
840 1110 41 1 0 
1350 1290 23 15 9 34 
480 780 14 47 37 12 2 18 
1200 1230 38 34 15 
510 780 45 
930 1080 19 17 31 
540 780 7 
