90
60 2190 1 2 3 4 41 13 23 65 7 18 9 17 
30 2190 0 17 24 19 
1200 2010 0 5 6 8 10 12 32 16 13 25 64 63 34 15 9 14 26 59 29 80 82 58 37 
90 1230 0 7 17 
420 1950 0 13 84 49 
1740 1950 2 16 59 64 20 
1290 1710 2 25 29 58 75 42 63 83 10 80 
180 1260 3 11 18 36 49 60 67 0 28 47 69 17 54 70 44 57 
1230 1260 2 9 15 34 38 
2010 2040 8 22 24 37 2 15 0 41 
1410 1860 2 26 80 83 6 
60 0 7 28 30 54 
1170 1980 2 14 40 37 
450 1980 4 52 70 14 2 0 51 
1110 1980 12 37 45 13 40 72 2 76 51 62 
1950 2010 8 34 38 46 2 9 59 16 
1290 1470 5 20 33 59 2 64 34 15 82 
0 1110 1 19 81 28 3 7 0 
180 1800 7 23 0 44 
0 2340 17 31 48 53 86 1 24 
1320 1530 16 21 61 64 5 
1320 1560 20 64 61 
2070 2010 9 89 37 35 24 
180 1860 18 44 65 84 0 49 
2220 2220 9 27 86 1 22 19 48 50 
1290 1620 6 42 64 2 75 
1320 1830 10 2 80 
2100 2190 24 50 
30 1110 11 17 7 
1290 1770 6 2 80 
240 180 11 35 54 56 37 
2340 2340 19 71 86 
1230 1410 2 82 34 
1320 1470 16 
1230 1350 15 38 82 46 32 8 2 16 
1020 960 30 22 37 
630 1890 7 39 78 69 68 51 70 
990 960 14 72 79 22 9 30 12 56 40 62 2 35 
1260 1320 34 46 15 8 
570 1860 36 51 55 70 
1140 1950 12 14 37 
2010 2190 0 43 9 
1380 1710 25 63 6 75 
2040 2190 41 
210 1830 23 57 60 18 49 7 
780 1950 14 47 69 73 51 68 62 
1260 1350 38 34 15 
840 1920 45 74 87 7 62 54 56 85 
2220 2250 19 86 53 24 
330 1860 7 67 60 4 23 44 70 
2070 2130 27 66 24 
480 1950 39 68 45 13 36 14 55 
480 1800 13 
2220 2280 19 48 86 
210 1170 30 85 87 47 7 11 56 
540 1830 39 77 51 
960 1920 30 62 37 47 54 79 87 
240 1800 44 60 7 
1440 1890 6 63 2 
1770 1980 16 2 5 15 
270 1830 44 49 67 7 57 
1350 1590 20 21 64 
1020 1950 56 47 37 45 14 
1590 1920 42 2 58 6 
1290 1590 21 25 16 20 2 61 5 
180 1890 23 88 0 
2070 2190 50 
300 1830 49 60 7 
690 1920 51 69 36 73 45 78 
660 1830 45 36 68 78 73 7 
360 1620 13 39 49 7 36 
2370 2340 31 
1050 1920 37 76 14 
720 1920 45 69 68 
780 1890 47 
1320 1680 6 25 42 
1050 1950 72 14 
510 1800 55 
660 1890 36 69 68 
990 1920 37 56 
1320 1800 10 83 2 26 29 6 
0 1080 17 
1260 1440 34 32 2 16 
1350 1800 80 6 10 
240 1920 4 23 
870 1860 54 87 47 
2310 2310 48 31 19 53 24 
900 1890 54 47 85 56 
210 1920 65 
2400 2340 22 
