80
660 1440 1 3 6 10 12 29 53 26 56 
690 1440 0 2 46 23 
750 1440 1 4 5 13 59 73 68 37 78 7 34 43 
270 1110 0 20 24 56 10 22 26 27 6 
1980 1440 2 11 41 61 59 19 31 5 
780 300 2 7 8 23 31 11 4 73 61 70 39 18 
90 1440 0 15 21 49 10 53 33 55 3 24 
810 690 5 39 68 32 2 
1050 900 5 9 14 28 30 44 32 57 36 54 73 39 
1110 990 8 54 
270 1350 0 22 26 27 76 6 53 49 3 20 35 62 
1440 990 4 17 19 40 37 38 59 5 73 77 
690 0 0 18 79 48 23 
840 1200 2 34 43 
930 870 8 30 32 36 
0 930 6 16 25 33 52 50 55 
0 1470 15 52 21 33 
1470 1260 11 37 73 77 
810 180 12 70 48 79 5 
1830 1410 11 38 65 74 40 4 59 
360 1230 3 10 22 76 27 
60 1470 6 33 42 16 
300 1170 10 20 3 76 
750 270 5 51 12 1 
210 1080 3 55 72 6 50 
0 900 15 
480 1350 10 35 62 27 0 3 
390 1260 10 26 20 3 62 
1170 1050 8 71 44 73 
60 840 0 50 
900 870 8 32 57 14 
810 270 5 4 61 
870 750 30 36 8 57 7 39 14 
60 1410 21 15 6 52 16 
840 1050 13 43 73 45 68 58 2 44 
390 1320 26 62 10 
960 870 32 8 14 
1500 1290 17 47 11 59 73 67 78 2 
1650 1380 19 63 74 65 11 40 66 59 
840 690 7 32 8 5 
1680 1260 11 63 38 19 66 74 
2100 1440 4 48 
90 1470 21 
870 1230 34 45 73 58 69 2 13 
870 1050 8 71 73 54 34 28 
990 1230 43 58 69 73 60 34 
690 240 1 
1560 1380 37 67 78 59 
2130 1440 41 64 12 18 79 
270 1380 6 53 10 
60 930 29 75 24 15 
720 240 23 
30 1380 16 33 15 
300 1410 49 6 10 0 
1080 990 9 44 8 71 
120 1050 24 6 15 
300 1110 3 0 
870 870 30 32 8 
900 1140 45 60 69 43 34 
1620 1410 2 78 11 47 4 37 19 38 
930 1200 58 45 69 
810 300 4 5 31 
390 1290 26 35 27 10 
1680 1290 38 66 40 
2160 1470 48 
1740 1380 19 38 74 
1710 1320 63 40 74 38 
1530 1350 47 37 78 
810 1020 7 2 34 
900 1200 45 58 60 43 
810 210 18 5 
1110 1020 44 28 54 
210 1050 24 
1410 1260 44 77 37 45 34 2 43 5 8 11 17 28 
1740 1350 19 38 66 40 65 
30 900 50 
300 1200 10 22 20 
1440 1230 73 11 17 
1500 1380 59 47 37 2 67 
840 180 12 18 48 
