80
0 1320 1 2 4 10 
1140 1320 0 3 11 69 32 
840 1110 0 5 7 8 
1260 1200 1 6 22 38 64 58 
840 1290 0 19 34 
90 360 2 15 41 59 14 
1470 1290 3 9 16 30 33 55 
780 1080 2 18 29 35 57 
1020 1290 2 20 27 19 
240 150 6 62 
0 930 0 12 21 31 37 68 74 18 
1290 1320 1 
60 750 10 13 14 47 49 68 
120 870 12 
90 570 12 17 79 5 29 
120 150 5 25 
150 30 6 
180 570 14 26 50 53 73 
510 1080 7 28 51 10 
930 1290 4 23 72 8 
1050 1290 8 24 
60 870 10 71 
1110 1110 3 
900 1260 19 70 
1080 1290 20 32 36 
150 150 15 
150 540 17 
1020 1020 8 58 48 
360 930 18 61 
510 870 7 46 54 14 50 
180 0 6 44 
30 1050 10 40 
1110 1290 24 1 
1500 1320 6 65 
840 1260 4 
360 900 7 39 
1080 1170 24 67 78 
0 720 10 
1050 990 3 48 
330 900 35 42 
60 1080 31 43 60 
120 30 5 
300 900 39 45 63 54 
450 1080 40 51 
150 0 30 66 
300 840 42 
330 840 29 
30 720 12 
1020 990 38 52 27 
240 930 12 56 63 
210 570 17 29 
480 1080 43 18 
1020 960 48 
210 540 17 57 
330 870 29 42 
1440 1290 6 
240 900 49 63 
240 540 53 73 7 
1050 1020 27 3 
90 0 5 
30 1080 40 
330 930 28 
210 150 9 77 
270 930 56 75 42 49 
1140 1170 3 
1470 1320 33 
120 0 44 
1080 1110 36 
150 900 12 74 10 76 
1290 1290 1 
870 1260 23 
90 870 21 
960 1260 19 
210 510 57 17 
210 930 68 76 10 
300 930 63 
180 900 74 68 
180 150 62 
1110 1170 36 
120 540 14 
