80
1590 1800 1 2 3 4 41 44 60 67 57 19 43 48 
1320 1530 0 17 19 53 31 
450 1800 0 5 6 8 10 12 32 63 42 51 29 70 26 48 41 43 25 
1620 1680 0 7 60 44 
1710 1860 0 13 67 39 49 52 
480 930 2 16 42 61 21 
540 1560 2 25 29 58 75 26 
1620 1560 3 11 18 36 49 23 44 65 
750 1650 2 9 15 16 22 34 59 42 61 32 38 46 
1170 1620 8 22 24 27 66 50 
480 1500 2 26 29 
1290 1230 7 28 30 50 35 
0 1350 2 14 40 73 51 39 
330 1830 4 52 70 55 39 
0 1920 12 37 45 73 
780 1410 8 34 61 59 38 46 
1110 1560 5 20 33 59 66 8 22 61 21 30 
1380 1620 1 19 31 
1770 1740 7 23 44 49 
1440 1680 17 31 48 53 1 71 0 
840 1380 16 21 61 33 64 
810 1290 20 64 16 61 5 33 
1140 1590 9 16 8 66 
1740 1710 18 44 65 7 
1170 1650 9 27 
690 1590 6 42 75 63 2 29 32 
510 1530 10 6 2 
1230 1650 24 50 9 53 
1230 1200 11 
480 1410 6 2 75 58 25 63 10 
1110 1050 11 35 54 56 16 66 
1350 1620 19 71 1 17 53 
720 1620 2 8 42 25 
870 1380 16 20 21 
840 1500 15 38 8 59 
1200 1200 30 50 11 
2040 1920 7 39 78 49 
240 1920 14 72 79 39 74 45 47 69 73 
810 1470 34 46 15 8 
270 1920 36 51 55 37 68 4 73 49 12 13 
0 0 12 
750 1740 0 43 48 2 
480 1080 25 63 5 2 8 61 32 
750 1770 41 2 0 
1680 1740 23 57 60 49 18 0 7 65 3 
30 1740 14 47 69 73 37 79 74 72 
780 1440 38 15 8 
60 1890 45 74 37 79 
750 1710 19 41 2 0 
1920 1890 7 67 57 44 18 39 4 36 
1200 1620 27 66 9 35 11 
300 1680 39 68 2 55 77 12 
360 1830 13 4 
1320 1650 19 27 1 31 71 
1140 1050 30 
330 1770 39 77 51 70 68 13 
60 0 30 62 
1680 1770 44 49 67 0 
570 1530 6 29 
900 1530 16 15 8 34 61 
1620 1710 44 0 3 
780 1380 20 15 16 5 42 64 8 21 59 
30 0 56 
480 1380 42 2 25 29 
810 1350 21 61 20 
1710 1680 23 7 44 
1140 1560 50 16 9 22 30 
1680 1800 49 4 0 57 
300 1740 51 55 39 
60 1740 45 37 73 
360 1800 13 55 2 
1350 1650 31 19 53 
120 1860 37 76 45 
30 1680 45 12 14 39 37 69 
30 1890 47 37 45 
600 1560 6 25 29 
120 1890 72 
360 1770 55 51 
1170 1050 36 
90 1890 37 45 47 
