30
0 840 1 2 4 10 12 20 8 15 27 5 
390 810 0 3 11 2 15 18 25 8 10 20 
60 660 0 5 7 8 1 18 
540 660 1 6 22 10 26 
0 60 0 19 12 13 
30 630 2 15 0 
480 630 3 9 16 21 
150 660 2 18 29 
90 720 2 20 27 0 24 1 
420 630 6 21 10 
30 120 0 12 21 3 26 1 9 
540 810 1 17 
840 840 10 13 14 0 4 26 
60 60 12 19 4 
660 810 12 17 26 
30 450 5 25 18 1 0 
510 630 6 
570 810 14 26 11 
90 570 7 28 25 15 1 2 29 
30 30 4 23 13 
90 780 8 24 0 1 
450 600 10 6 9 
570 720 3 26 
0 0 19 
120 780 20 8 
120 570 15 18 1 
630 750 17 3 12 14 22 10 
60 690 8 0 
120 630 18 
90 630 7 18 
