80
1020 990 1 2 3 4 41 44 60 67 57 
1050 990 0 17 19 
0 1650 0 5 6 8 10 12 32 63 42 51 29 
750 720 0 7 
720 960 0 13 67 
1230 1650 2 16 42 61 
1050 1500 2 25 29 58 75 
720 750 3 11 18 36 49 23 44 
1020 1020 2 9 15 16 22 34 59 42 61 
1620 1620 8 22 24 27 66 50 
30 780 2 26 
150 180 7 28 30 
30 870 2 14 40 
660 960 4 52 70 
240 840 12 37 45 
1260 1470 8 34 61 59 
1560 1650 5 20 33 59 66 8 22 61 21 
1050 960 1 19 
750 870 7 23 44 49 
1200 990 17 31 48 53 1 
1290 1560 16 21 61 33 
1290 1620 20 64 16 
1590 1620 9 16 8 66 
780 870 18 44 65 7 
1830 1620 9 27 
1140 1590 6 42 
60 780 10 
1800 1560 24 50 9 53 
150 0 11 
1020 1470 6 2 
120 780 11 35 54 56 
210 0 19 71 
0 690 2 
1320 1620 16 20 
1350 1440 15 38 8 59 
90 780 30 
510 570 7 39 78 
450 840 14 72 79 39 74 45 47 
1320 1410 34 46 
480 840 36 51 55 37 
60 900 12 
1050 930 0 43 
1200 1620 25 63 5 2 8 61 
1080 930 41 
900 930 23 57 60 49 18 0 7 
240 810 14 47 69 73 37 79 
1290 1410 38 
270 660 45 74 37 79 
1110 930 19 
720 870 7 67 57 44 18 
1890 1650 27 66 9 
540 930 39 68 2 55 
630 930 13 
1230 990 19 27 
30 690 30 
600 960 39 77 51 70 68 
150 780 30 62 
750 930 44 49 67 0 
1080 1560 6 
1380 1470 16 15 8 34 
900 900 44 0 
1230 1470 20 15 16 5 42 64 8 
180 780 56 
1020 1440 42 2 
1260 1620 21 61 
810 870 23 
1620 1650 50 16 9 22 
720 930 49 4 0 57 
540 960 51 55 
210 780 45 
630 960 13 55 
180 0 31 
330 810 37 76 
270 810 45 
300 720 47 37 
1050 1590 6 
300 810 72 
600 930 55 
480 540 36 
270 720 37 45 47 
