90
420 2010 1 3 4 5 17 19 49 63 76 36 
0 420 0 2 9 14 42 68 49 17 66 50 33 81 84 80 30 28 51 
60 1860 1 25 28 50 26 
750 1950 0 10 47 61 22 56 36 
750 1980 0 5 
2070 2010 0 6 7 11 13 16 39 4 32 
2280 2040 5 12 39 
810 780 5 8 31 53 13 
810 810 7 18 16 85 11 52 
0 30 1 27 30 60 68 
1020 1710 3 15 20 40 65 64 22 
1050 1050 5 52 16 8 85 23 88 21 
2250 2040 6 
840 780 5 24 7 34 
270 2010 1 33 66 50 
1020 1860 10 55 64 65 40 
750 1110 5 21 29 37 41 80 8 59 72 11 32 22 52 36 76 23 74 
390 1980 0 1 49 
900 990 8 57 
510 1230 0 76 63 
1110 1680 10 22 36 56 86 
1080 1110 16 23 11 
1350 1890 20 32 35 74 37 16 3 36 10 
1050 1080 21 11 16 
840 750 13 34 48 45 38 
60 1980 2 26 50 28 54 69 
90 1920 25 54 69 2 
90 120 9 
30 2010 2 51 50 33 25 1 
600 1080 16 43 76 
30 90 9 1 68 
120 120 7 
1560 1950 22 59 16 5 44 
300 2040 14 49 50 1 28 84 51 
960 780 24 38 45 48 79 13 
1350 1950 22 44 
750 1290 20 89 76 22 16 56 0 3 
1440 1890 16 59 67 22 72 74 
870 750 34 45 24 
2250 2010 5 58 6 
1080 1800 10 64 15 65 
810 990 16 46 
60 420 1 80 
540 1020 29 63 81 76 
1380 1950 35 32 
870 720 34 38 24 48 
840 990 41 57 
1020 1650 3 70 86 
840 660 34 24 45 
360 2040 33 73 84 0 1 17 
210 2010 33 2 1 28 14 25 66 54 
0 2040 28 1 33 
930 1020 11 85 8 16 
30 0 7 
150 1980 26 25 69 50 
1140 1860 15 64 
810 1380 20 89 3 36 
870 990 18 46 
1020 780 39 
1500 1890 37 72 16 32 
0 0 9 
810 1560 3 62 75 82 77 
810 1620 61 75 
510 1200 43 78 76 0 19 87 
1110 1830 55 10 40 15 
1050 1770 10 15 40 
240 1980 14 1 50 
1380 1860 37 
60 120 1 9 30 
90 1950 26 54 25 
990 1620 47 71 
960 1620 70 
1470 1860 59 16 37 
420 2040 49 
1380 1830 22 37 16 
840 1620 61 77 62 
570 1260 19 63 36 29 16 0 43 
900 1620 75 82 83 61 
450 1170 63 87 
990 780 34 
630 990 42 81 16 1 
540 990 80 1 43 
810 1530 77 61 
930 1620 77 
330 2010 49 1 33 
960 1020 52 88 8 11 
1050 1650 47 20 
450 1140 78 63 
990 1020 85 11 
780 1350 36 56 
