40
870 690 1 2 3 4 
900 690 0 17 
210 690 0 5 6 8 10 12 32 9 29 25 39 27 24 7 36 18 23 
810 630 0 7 4 30 11 
810 660 0 13 3 
180 660 2 16 21 
330 480 2 25 29 27 34 32 15 38 
240 180 3 11 18 36 39 2 10 35 
510 600 2 9 15 29 
540 630 8 22 24 2 27 
240 30 2 26 11 7 
300 60 7 28 30 26 10 35 17 3 
90 720 2 14 
630 660 4 
60 720 12 37 16 33 
480 570 8 34 27 6 29 
0 480 5 20 33 14 21 37 
930 690 1 19 11 
240 210 7 23 2 
960 690 17 31 
120 630 16 21 
90 660 20 16 5 
570 630 9 27 24 
270 240 18 2 
600 660 9 27 2 22 
360 540 6 2 29 32 
240 0 10 11 
330 360 24 6 9 22 2 15 
330 150 11 35 30 
390 570 6 2 8 25 15 
360 180 11 35 28 3 
990 720 19 
330 510 2 6 25 
0 720 16 14 37 
390 480 15 38 6 
300 180 30 11 28 7 
300 270 7 39 2 
30 690 14 16 33 
360 450 34 6 
330 300 36 2 7 
