40
240 690 1 3 6 10 12 29 2 7 5 18 23 16 25 8 
810 690 0 2 5 
990 750 1 4 5 13 6 0 11 29 34 19 3 20 
390 150 0 20 24 5 7 22 2 26 
990 780 2 11 19 
810 600 2 7 8 23 31 3 0 34 1 14 24 13 
150 720 0 15 21 2 29 11 33 25 
390 210 5 39 8 0 3 28 18 14 
480 510 5 9 14 28 30 32 36 12 7 39 18 31 0 
510 390 8 28 32 
270 120 0 22 26 27 35 
60 810 4 17 19 21 16 6 15 33 2 
390 480 0 18 8 
840 690 2 34 5 
660 510 8 28 32 30 7 5 
90 570 6 16 25 21 11 
0 450 15 37 11 17 0 
0 810 11 37 16 
390 450 12 39 0 8 7 
1110 810 11 38 20 2 4 
420 150 3 19 2 
90 660 6 33 11 15 
300 120 10 3 
480 570 5 31 0 
420 210 3 5 
180 660 15 0 6 
300 60 10 35 3 
270 0 10 
510 360 8 14 32 9 7 
240 720 0 6 2 
570 480 8 32 14 36 
480 540 5 23 8 
540 420 30 36 8 28 14 9 
90 690 21 11 6 
870 690 13 5 2 
300 90 26 10 
540 450 32 8 30 
30 780 17 16 
300 0 19 
420 450 7 8 18 
