60
660 870 1 2 4 10 34 24 
180 930 0 3 11 2 34 40 24 
180 270 0 5 7 8 1 49 46 10 56 
60 960 1 6 22 38 43 52 40 
1020 930 0 19 34 40 10 23 
150 240 2 15 41 59 
0 1110 3 9 16 30 33 55 
480 750 2 18 29 35 54 42 
570 840 2 20 27 24 36 
30 210 6 
870 780 0 12 21 31 37 19 4 23 2 
660 930 1 34 
360 270 10 13 14 47 49 
150 90 12 
90 0 12 17 
90 210 5 25 
30 150 6 
90 120 14 26 50 53 
330 660 7 28 35 
900 870 4 23 10 37 
240 810 8 24 36 
870 750 10 
30 930 3 
930 870 19 4 10 
210 840 20 32 36 8 0 1 
60 210 15 
120 90 17 
600 840 8 58 
330 690 18 
270 720 7 46 54 
60 1110 6 44 
900 780 10 40 
210 750 24 
30 240 6 
660 900 4 1 0 11 
330 630 7 39 54 18 
240 780 24 8 20 
870 870 10 19 
120 1110 3 48 44 52 
300 600 35 42 54 
1080 960 31 43 4 3 1 
60 150 5 
240 510 39 45 54 46 7 
1230 1080 40 51 52 3 48 
90 1110 30 38 
240 660 42 54 46 
210 720 29 42 2 54 45 
150 120 12 
1260 1110 38 52 43 
210 270 12 56 2 
120 120 17 
900 750 43 
150 1080 48 43 3 38 
60 120 17 57 
270 690 29 42 35 39 7 46 45 
0 120 6 
180 240 49 2 
30 120 53 
630 840 27 
120 240 5 
