40
810 930 1 2 4 10 3 34 19 37 23 8 11 5 
60 870 0 3 11 4 10 21 5 
360 510 0 5 7 8 28 33 20 
90 210 1 6 22 38 0 10 5 9 
0 1050 0 19 34 10 23 1 17 21 11 
90 870 2 15 1 6 3 27 20 24 8 16 28 0 25 
210 360 3 9 16 30 33 5 22 25 
390 570 2 18 29 35 20 28 39 
660 840 2 20 27 24 0 36 5 
180 330 6 38 3 22 
0 60 0 12 21 31 37 4 14 1 3 34 17 
60 900 1 4 0 
30 30 10 13 14 31 
60 30 12 
60 60 12 17 10 
270 450 5 25 
300 480 6 5 
1110 1050 14 26 4 10 34 
480 690 7 28 35 29 20 39 
840 990 4 23 34 0 
540 720 8 24 18 7 2 36 32 5 
30 840 10 4 1 
120 330 3 6 9 
810 960 19 4 0 
540 810 20 32 36 8 5 
240 420 15 30 6 5 
90 30 17 
660 870 8 5 
360 690 18 2 7 29 5 
390 660 7 18 39 28 
210 390 6 25 
0 0 10 12 
570 780 24 20 36 
330 480 6 2 
930 1020 4 0 10 37 19 17 
450 660 7 39 18 
600 810 24 20 32 8 
840 930 10 34 0 
150 300 3 9 
420 660 35 18 29 7 
