30
90 570 1 2 9 15 13 
30 240 0 3 17 19 4 6 27 21 13 25 15 2 28 
180 600 0 4 5 9 27 15 1 13 
0 660 1 12 14 16 7 13 
330 540 2 6 8 10 1 25 27 
630 630 2 7 13 18 22 8 
240 510 4 25 27 1 
30 30 5 28 22 29 3 
510 600 4 20 10 11 5 
120 570 0 2 15 
330 570 4 11 8 
330 600 10 8 
750 660 3 
60 630 5 1 2 0 16 3 
0 0 3 
120 540 0 2 9 1 
30 600 3 13 
30 150 1 19 
690 630 5 23 24 
60 180 1 21 17 28 
150 240 8 28 
60 210 19 28 1 
180 210 5 28 29 7 
720 630 18 
60 0 18 26 
270 510 6 4 1 
30 0 24 
210 510 6 1 2 4 
120 240 22 21 7 29 20 1 19 
150 180 22 28 7 
