90
840 1200 1 2 9 15 35 43 12 
900 1260 0 3 17 19 61 87 21 38 
0 690 0 4 5 60 
180 1260 1 12 14 16 31 42 70 
270 330 2 6 8 10 46 
0 1470 2 7 13 18 22 49 
120 300 4 25 27 
30 1260 5 34 
1350 1410 4 20 33 53 
270 1020 0 63 
270 150 4 11 77 
270 0 10 52 
210 930 3 0 
30 1200 5 
210 1050 3 73 35 
300 660 0 43 
150 1260 3 
1020 1260 1 48 
30 1470 5 23 24 
1020 1230 1 21 38 69 87 65 80 
1290 1410 8 36 62 78 
930 1200 19 1 87 
30 1410 5 28 29 40 83 
60 1440 18 47 
1650 1470 18 26 32 64 
30 300 6 30 60 
1560 1410 24 44 56 
120 270 6 55 
1170 1350 22 
1170 1380 22 
0 270 25 37 54 60 
60 1200 3 
1680 1470 24 82 
1200 1290 8 41 57 
120 1260 7 
360 1200 0 39 14 
1230 1350 20 86 
0 120 30 67 
930 1020 19 65 80 85 87 1 69 
330 1200 35 58 84 
1170 1410 22 
1170 1260 33 51 66 
90 1170 3 
300 690 15 76 0 
1530 1410 26 45 
1500 1410 44 81 
210 270 4 59 54 
90 1440 23 
1110 1260 17 
30 1170 5 50 
60 1170 49 
1140 1260 41 
1740 1470 11 
1380 1410 8 72 
90 150 30 75 46 
150 270 27 
1470 1320 26 68 
1170 1290 33 
300 1200 39 74 
180 270 46 
0 300 2 25 30 
240 1230 1 70 
1200 1380 20 
240 1020 9 
330 150 24 
1050 1200 38 80 85 19 
1140 1230 41 
30 120 37 
1440 1320 56 
960 1170 19 87 38 
210 1230 3 71 88 61 
240 1200 70 
1410 1410 53 79 89 
210 1020 14 
270 1200 58 
60 120 54 
270 690 43 
300 150 10 
1260 1410 20 
1440 1410 72 
1110 1230 65 38 85 19 
1470 1410 45 
1710 1470 32 
1140 1290 22 
240 1110 39 
1080 1200 65 38 80 
1200 1350 36 
930 1170 19 1 69 38 21 
210 1110 70 
1410 1320 72 
