90
60 600 1 2 9 15 35 43 12 84 36 39 5 13 14 86 76 
60 1440 0 3 17 19 61 87 21 38 7 5 48 73 16 43 76 
0 510 0 4 5 60 36 13 
690 1560 1 12 14 16 31 42 70 17 61 88 35 48 19 73 15 
270 510 2 6 8 10 46 30 37 78 36 
0 2220 2 7 13 18 22 49 1 36 0 45 14 
60 480 4 25 27 30 55 
60 1560 5 34 1 73 49 14 50 83 
270 210 4 20 33 53 89 72 79 78 11 10 
840 1440 0 63 58 39 84 74 35 
510 480 4 11 77 8 
420 390 10 52 8 
720 1500 3 0 35 39 15 
30 570 5 0 2 
1590 2190 3 73 35 22 31 26 83 0 5 7 36 86 44 
150 930 0 43 3 12 42 61 
120 1530 3 73 1 
360 1410 1 48 3 19 
60 2070 5 23 24 64 81 32 45 47 
360 1380 1 21 38 69 87 65 80 61 17 3 
2280 2220 8 36 62 78 
150 1170 19 1 87 61 
60 1800 5 28 29 40 83 14 34 26 
90 2010 18 47 64 32 
270 2130 18 26 32 64 82 81 44 56 
30 480 6 30 60 
270 2040 24 44 56 14 22 
90 450 6 55 30 
60 1650 22 
90 1710 22 
30 360 25 37 54 60 4 67 46 6 27 
930 1560 3 14 35 
60 1920 24 82 64 18 23 
150 90 8 41 57 
240 1770 7 22 83 49 50 
930 1530 0 39 14 12 3 31 9 58 
2220 2220 20 86 0 5 2 78 4 14 
90 360 30 67 46 4 
150 1350 19 65 80 85 87 1 69 
750 1500 35 58 84 63 9 74 0 12 
120 1740 22 
120 90 33 51 66 
180 1050 3 70 61 15 71 
120 1110 15 76 0 61 1 
360 2160 26 45 24 56 81 68 14 
60 2160 44 81 5 18 
60 300 4 59 54 37 30 67 
90 2040 23 18 64 
360 1440 17 1 3 
60 1620 5 50 7 34 
90 1620 49 7 34 
90 90 41 
420 420 11 
360 390 8 72 79 
0 240 30 75 46 60 
120 480 27 6 
300 2130 26 68 44 24 
150 60 33 
870 1500 39 74 9 35 
60 90 46 
0 480 2 25 30 54 
150 1140 1 70 19 3 88 21 43 42 71 15 
2310 2220 20 
780 1410 9 39 84 
150 2070 24 18 32 23 47 82 
180 1290 38 80 85 19 69 
30 0 41 
60 330 37 30 46 
330 2130 56 44 
180 1260 19 87 38 65 
210 1110 3 71 88 61 42 
180 1080 70 61 42 
330 420 53 79 89 8 
90 1560 14 1 7 3 16 
840 1470 58 39 9 
0 0 54 
90 1080 43 1 0 
330 450 10 
540 510 20 4 36 8 
390 420 72 53 8 
210 1350 65 38 85 19 
90 2130 45 18 24 44 
180 2070 32 24 64 
270 1800 22 34 14 7 
780 1380 39 0 63 9 
180 1320 65 38 80 
1620 2190 36 0 14 
150 1200 19 1 69 38 21 
210 1140 70 3 61 
300 450 72 8 
