50
60 510 1 2 3 4 41 8 43 
120 510 0 17 41 43 
30 720 0 5 6 8 10 12 32 7 26 4 
120 570 0 7 
60 570 0 13 2 
900 630 2 16 10 
1080 720 2 25 29 21 20 10 26 
720 600 3 11 18 36 49 30 2 35 
30 270 2 9 15 0 
390 510 8 22 24 19 34 38 
930 660 2 26 5 6 
480 420 7 28 30 35 36 
60 750 2 14 40 
90 570 4 
1200 750 12 37 45 
30 240 8 34 38 46 
870 600 5 20 33 
150 420 1 19 31 48 41 
750 600 7 23 20 
240 510 17 31 48 9 
750 390 16 21 6 18 29 
930 630 20 6 29 
390 480 9 
780 600 18 44 
420 510 9 27 36 
1110 720 6 42 
930 690 10 2 6 
450 510 24 
480 450 11 36 
960 630 6 21 20 
510 420 11 35 7 
180 480 19 17 48 
0 750 2 
840 600 16 
90 240 15 38 9 46 
480 360 30 11 7 
450 450 7 39 24 11 28 
1170 720 14 
30 150 34 46 15 9 
450 0 36 
30 750 12 
90 360 0 43 1 17 
1140 720 25 
90 480 41 1 0 
810 600 23 
1230 750 14 47 
60 210 38 34 15 
480 0 45 
150 510 19 17 31 
480 510 7 
