90
0 1830 1 3 4 5 17 19 49 63 76 36 18 32 
1860 1770 0 2 9 14 42 68 49 17 66 50 33 81 84 80 30 28 51 63 
2010 1650 1 25 28 50 26 54 
30 1560 0 10 47 61 22 56 36 89 32 
30 120 0 5 8 
30 780 0 6 7 11 13 16 39 4 32 58 8 34 23 12 48 53 
330 540 5 12 39 
300 420 5 8 31 53 13 34 
510 600 7 18 16 85 11 52 5 4 
1980 1350 1 27 30 60 68 42 14 
990 1050 3 15 20 40 65 64 22 
510 720 5 52 16 8 85 23 88 21 
390 570 6 5 39 
210 360 5 24 7 34 53 
1980 1440 1 33 66 50 9 
1110 1200 10 55 64 65 40 
810 810 5 21 29 37 41 80 8 59 72 11 32 22 52 36 76 23 74 81 
1860 1800 0 1 49 
0 0 8 57 0 46 41 
1650 1650 0 76 63 87 
1440 1500 10 22 36 56 86 
540 780 16 23 11 
990 1020 20 32 35 74 37 16 3 36 10 
510 780 21 11 16 5 
180 330 13 34 48 45 38 
2130 1650 2 26 50 28 54 69 
2040 1620 25 54 69 2 
2400 1800 9 
2160 1680 2 51 50 33 25 1 
840 810 16 43 76 
1890 1290 9 1 68 42 
300 450 7 
30 990 22 59 16 5 44 35 67 3 0 
2280 1740 14 49 50 1 28 84 51 
90 210 24 38 45 48 79 13 7 5 
900 990 22 44 32 37 67 
1560 1590 20 89 76 22 16 56 0 3 
870 930 16 59 67 22 72 74 35 
150 300 34 45 24 
330 510 5 58 6 12 
1020 1140 10 64 15 65 
600 600 16 46 18 
1890 1260 1 80 9 30 
840 780 29 63 81 76 
810 960 35 32 67 
120 300 34 38 24 48 
570 600 41 57 18 
1140 1380 3 70 86 77 61 71 
90 330 34 24 45 5 
2370 1830 33 73 84 0 1 17 60 
2010 1500 33 2 1 28 14 25 66 54 
2160 1710 28 1 33 
600 720 11 85 8 16 88 
210 390 7 13 5 
2040 1560 26 25 69 50 2 
1020 1170 15 64 
1140 1530 20 89 3 36 
540 600 18 46 
300 480 39 5 
810 900 37 72 16 32 67 
2460 1830 9 49 
990 1350 3 62 75 82 77 47 
1080 1350 61 75 
1800 1740 43 78 76 0 19 87 1 
990 1170 55 10 40 15 
1050 1140 10 15 40 
1980 1470 14 1 50 
810 930 37 32 44 59 35 
1890 1320 1 9 30 
2070 1620 26 54 25 
1170 1440 47 71 
1140 1470 70 86 47 
840 900 59 16 37 
2370 1800 49 
900 930 22 37 16 
1050 1320 61 77 62 
1650 1620 19 63 36 29 16 0 43 
990 1230 75 82 83 61 47 
1680 1710 63 87 
60 180 34 
840 210 42 81 16 1 
840 750 80 1 43 16 
1020 1290 77 61 
990 1200 77 
2280 1770 49 1 33 
540 660 52 88 8 11 
1230 1470 47 20 71 
1650 1710 78 63 19 
540 690 85 11 52 
1140 1560 36 56 3 
