50
30 1020 1 3 4 5 17 19 22 20 
270 330 0 2 9 14 42 49 33 
450 270 1 25 28 24 
30 90 0 10 47 20 36 40 15 
270 990 0 
270 960 0 6 7 11 13 16 39 37 12 21 
540 660 5 12 21 37 
510 540 5 8 31 
900 930 7 18 24 
390 510 1 27 30 
90 90 3 15 20 40 
540 900 5 21 16 
540 630 6 39 5 21 
840 960 5 24 
300 480 1 33 
60 60 10 3 40 
540 810 5 21 29 37 41 46 11 
270 1020 0 
870 930 8 
0 1050 0 
240 210 10 22 36 3 0 40 47 
840 930 16 23 39 11 41 46 5 6 29 12 37 
270 240 20 32 35 0 
600 810 21 43 
1230 1050 13 34 2 8 
330 150 2 26 35 
300 120 25 
360 510 9 
390 240 2 
570 750 16 43 21 37 
420 510 9 
480 510 7 
270 120 22 
330 510 14 49 1 
360 1050 24 38 45 48 
300 240 22 44 25 
90 180 20 3 
540 690 16 5 21 29 6 
300 990 34 
540 600 5 21 12 
30 0 10 3 15 20 
570 900 16 46 21 
450 510 1 
570 810 29 23 
360 240 35 
300 1020 34 
600 900 41 21 16 
60 180 3 20 
30 1050 34 
270 510 33 1 
