80
1770 1770 1 2 4 10 3 19 14 77 5 
0 1800 0 3 11 69 32 58 64 36 77 
330 1410 0 5 7 8 19 27 15 3 
90 1410 1 6 22 38 64 58 0 48 52 77 2 30 55 
1800 1770 0 19 34 
360 1410 2 15 41 59 14 79 0 
180 1710 3 9 16 30 33 55 77 62 44 
360 420 2 18 29 35 57 54 15 39 56 25 63 28 75 73 10 70 61 37 23 
300 1380 2 20 27 19 24 
210 1650 6 62 33 65 
1380 1380 0 12 21 31 37 68 74 18 40 70 14 76 19 7 
90 1710 1 
720 1260 10 13 14 47 49 68 74 43 21 71 
630 1170 12 
690 1380 12 17 79 5 29 50 10 41 21 15 0 
360 1260 5 25 7 73 14 2 59 17 
300 1710 6 62 77 
510 1260 14 26 50 53 73 57 15 
900 1050 7 28 51 10 43 40 60 49 61 
330 300 4 23 72 8 2 10 0 70 
120 1200 8 24 
780 1350 10 71 14 12 
60 1380 3 58 64 
360 360 19 70 7 
90 1200 20 32 36 8 27 58 
390 1200 15 7 73 
450 1230 17 73 53 
240 1380 8 58 48 24 2 
930 1020 18 61 7 
570 1260 7 46 54 14 50 45 57 
150 1680 6 44 3 
990 1200 10 40 68 43 
30 1170 24 1 58 
210 1590 6 65 62 9 
1830 1800 4 
690 1020 7 39 63 42 75 
0 1110 24 67 78 1 
390 420 10 7 
120 1350 3 48 
660 990 35 42 54 7 
990 1170 31 43 60 10 18 
690 1410 5 14 
630 1050 39 45 63 54 35 
930 1170 40 51 18 49 60 31 68 12 
150 1710 30 66 6 77 
600 1050 42 29 54 
600 1170 29 
720 1320 12 
180 1380 38 52 27 3 58 
870 1140 12 56 63 43 51 18 
540 1260 17 29 57 14 
900 1140 43 18 49 
120 1320 48 3 58 
450 1200 17 57 73 26 
600 930 29 42 7 39 45 
210 1560 6 3 77 
780 1050 49 63 7 
450 1140 53 73 7 50 17 29 
30 1200 27 3 1 22 64 24 48 32 52 
390 1320 5 79 15 
960 1140 40 18 43 
960 1050 28 7 18 
300 1680 9 77 33 6 16 65 
750 1050 56 75 42 49 35 7 
30 1380 3 58 22 1 
240 1650 33 62 9 
120 1710 44 
30 30 36 78 
930 1200 12 74 10 76 31 43 
1770 1800 1 
390 390 23 10 7 19 
750 1320 21 12 
60 30 19 
420 1230 57 17 53 15 26 7 25 
930 1260 68 76 10 12 
720 1020 63 7 35 
960 1260 74 68 10 
390 1740 62 6 0 3 16 1 55 44 
0 0 36 67 
420 1350 14 59 5 
