60
0 1140 1 2 9 15 35 6 39 27 46 
420 1140 0 3 17 19 21 
420 930 0 4 5 39 58 
1380 1140 1 12 14 16 31 42 
360 870 2 6 8 10 46 39 58 55 57 
960 930 2 7 13 18 22 49 36 29 24 
150 660 4 25 27 0 55 
960 840 5 34 
450 870 4 20 33 53 24 26 57 
30 630 0 
360 330 4 11 22 
30 0 10 52 
1020 840 3 
990 870 5 
1020 870 3 
0 600 0 43 52 
1050 930 3 
420 960 1 48 19 21 
660 810 5 23 24 47 56 
450 1080 1 21 38 17 48 
540 870 8 36 56 45 44 26 
540 1110 19 1 17 
600 570 5 28 29 40 51 10 
690 780 18 47 
540 600 18 26 32 8 29 47 5 
120 630 6 30 
540 720 24 44 56 8 20 
150 690 6 55 0 
600 390 22 
600 600 22 24 5 
90 630 25 37 54 
630 390 3 
510 570 24 
390 810 8 41 57 
990 840 7 
150 870 0 39 46 
690 870 20 5 56 
60 600 30 
480 1050 19 48 
180 900 35 58 46 2 4 0 
630 450 22 
390 420 33 51 
660 450 3 
30 600 15 
570 780 26 45 20 
600 810 44 20 
150 750 4 59 39 55 0 35 
720 810 23 24 18 
510 1080 17 38 19 
990 930 5 50 
1020 930 49 
420 420 41 22 
0 0 11 15 
480 570 8 
60 630 30 
180 720 27 46 4 6 
660 840 26 20 36 18 
390 840 33 4 8 
360 900 39 2 4 
210 840 46 
