50
30 1260 1 2 4 10 8 15 30 27 5 
270 1170 0 3 11 24 8 36 
210 1020 0 5 7 8 41 15 
540 1230 1 6 22 38 29 24 
0 1290 0 19 34 
120 420 2 15 41 6 0 25 
780 1080 3 9 16 30 33 5 29 12 7 
240 570 2 18 29 35 24 28 8 6 20 
240 1050 2 20 27 7 0 24 1 36 32 
840 1080 6 10 16 33 
1320 1260 0 12 21 31 37 9 17 16 38 30 48 26 
270 1230 1 
810 960 10 13 14 47 49 16 30 6 17 21 
840 840 12 30 49 
900 930 12 17 
120 990 5 25 0 41 2 
810 1020 6 12 9 10 33 
960 960 14 26 30 10 12 
300 1020 7 28 
0 0 4 23 
270 1020 8 24 7 32 
840 1020 10 12 
300 1230 3 
30 0 19 
480 1170 20 32 36 28 7 1 8 3 
150 960 15 5 41 
990 960 17 30 10 
240 1140 8 0 
330 1020 18 24 7 
540 1050 7 46 3 6 
90 30 6 44 17 13 12 0 26 49 10 
810 1170 10 40 38 43 
270 1050 24 8 20 
810 1050 6 9 16 
30 1290 4 
690 1050 7 39 
300 1140 24 8 1 
1350 1290 10 
780 1230 3 48 31 40 10 43 
660 1050 35 42 
810 1200 31 43 38 
180 990 5 2 15 25 
630 1050 39 45 
840 1230 40 38 31 
60 0 30 
600 1050 42 
570 1050 29 
900 900 12 
780 1110 38 10 
870 870 12 30 13 
