60
30 1170 1 3 6 10 12 29 53 42 49 21 41 2 50 48 46 
60 690 0 2 46 41 
60 330 1 4 5 13 59 43 18 0 41 51 12 19 38 
570 870 0 20 24 56 41 
150 750 2 11 41 19 
180 180 2 7 8 23 31 58 18 51 39 45 43 54 14 
630 1140 0 15 21 49 42 25 33 
210 270 5 39 45 
240 60 5 9 14 28 30 44 31 34 54 
240 120 8 54 
30 1200 0 22 26 27 35 
240 750 4 17 19 40 
30 30 0 18 2 
180 330 2 34 30 43 
330 180 8 34 5 
690 1110 6 16 25 21 33 
720 1110 15 52 21 25 42 
270 750 11 37 
90 90 12 5 2 51 23 
180 720 11 38 2 4 
390 720 3 56 24 
570 900 6 33 42 0 15 16 52 
0 1260 10 35 
120 150 5 51 18 
390 750 3 55 20 
720 1140 15 6 16 42 
60 1260 10 35 27 
90 1260 10 26 
300 150 8 54 
180 840 0 50 
1350 1170 8 32 57 13 34 
180 30 5 8 44 
900 1170 30 36 59 
660 1080 21 15 6 
480 330 13 43 58 14 45 8 30 
30 1260 26 10 22 
870 1170 32 
300 750 17 47 
210 510 19 56 2 
240 270 7 5 45 
210 720 11 
120 750 4 48 3 0 1 2 50 46 
840 1170 21 6 0 16 25 
180 300 34 45 2 13 5 
180 0 8 31 
270 300 43 58 7 5 39 34 
60 720 1 0 41 
330 750 37 
120 780 41 0 
600 1110 6 53 0 
150 810 29 41 0 
90 150 23 5 2 18 
750 1110 16 21 
570 1080 49 0 
270 150 9 5 28 8 
360 750 24 
390 690 3 38 20 
1440 1260 30 
300 300 45 5 34 
600 870 2 32 
