40
0 690 1 2 4 10 3 34 
60 600 0 3 11 4 
0 240 0 5 7 8 28 33 
30 570 1 6 22 38 0 
570 630 0 19 34 10 23 1 
0 0 2 15 
420 270 3 9 16 30 33 
30 150 2 18 29 35 
30 30 2 20 27 
780 660 6 
750 690 0 12 21 31 37 4 
480 600 1 
570 540 10 13 14 31 
480 450 12 
540 540 12 17 
30 0 5 25 
840 690 6 
510 540 14 26 
60 210 7 28 35 
510 600 4 23 
210 210 8 24 
750 660 10 
450 450 3 
510 570 19 4 
300 210 20 32 36 
60 0 15 
480 540 17 
180 210 8 
30 210 18 2 
30 120 7 
360 210 6 
600 540 10 12 
330 210 24 
30 240 6 2 
570 660 4 0 
120 210 7 39 18 
90 0 24 
780 690 10 
450 540 3 
150 210 35 
