70
1560 1290 1 3 6 10 12 29 22 
420 1260 0 2 46 44 12 4 29 50 41 
90 690 1 4 5 13 59 41 64 23 48 
1710 1380 0 20 24 56 39 
570 1170 2 11 41 61 59 16 1 21 40 6 42 64 45 
0 1290 2 7 8 23 31 28 57 32 
1320 1230 0 15 21 49 10 22 42 4 29 33 
0 1380 5 39 68 
90 1020 5 9 14 28 30 44 12 32 
150 1020 8 54 28 44 
1470 1200 0 22 26 27 53 6 49 
750 1020 4 17 19 40 38 63 37 65 61 
270 1290 0 18 57 44 30 1 8 
90 0 2 34 
90 1110 8 32 
1170 1080 6 16 25 45 43 34 
960 1080 15 52 4 45 
600 870 11 37 40 67 
210 1260 12 30 57 
840 1020 11 38 65 66 63 
1380 1050 3 
960 1170 6 33 42 4 
1470 1230 10 0 6 
30 630 5 51 31 2 
1740 1380 3 55 
720 690 15 43 
1320 1050 10 35 62 27 49 
1350 1110 10 26 
90 930 8 44 9 5 54 
600 1230 0 50 1 6 46 
180 1200 8 32 57 12 18 
30 660 5 23 
150 1170 30 36 5 14 8 
990 1170 21 42 6 
630 540 13 43 15 
1350 1050 26 
90 1140 32 
690 990 17 47 40 11 67 
780 990 19 63 66 11 
30 1320 7 3 
600 990 11 17 37 67 47 4 
450 1140 4 48 2 64 1 
960 1110 21 33 6 4 
630 570 34 45 15 58 25 
390 1230 8 28 1 12 9 
600 690 43 58 69 15 16 59 4 
570 1200 1 29 
630 960 37 67 40 
480 1110 41 64 2 
1320 1110 6 53 10 26 
600 1260 29 1 
0 600 23 
930 1050 16 
1350 1170 49 10 
120 990 9 28 
1770 1380 24 
1680 1380 3 
150 1290 30 12 18 5 
660 660 45 60 43 69 
120 210 2 4 45 
630 630 58 
750 1050 4 11 
1320 930 26 
780 930 38 66 19 11 65 
510 1140 48 41 4 2 
900 1050 19 11 63 
810 990 63 19 38 
630 930 47 40 17 37 
30 1380 7 
690 690 45 58 
