40
0 690 1 2 3 4 
90 690 0 17 
90 660 0 5 6 8 10 12 32 9 29 25 39 
0 0 0 7 
30 630 0 13 
390 630 2 16 
270 480 2 25 29 27 
540 540 3 11 18 36 
240 390 2 9 15 29 
390 540 8 22 24 2 
390 600 2 26 11 
600 600 7 28 30 26 10 
390 660 2 14 
60 630 4 
780 660 12 37 16 
210 360 8 34 
750 630 5 20 33 14 
780 690 1 19 
510 540 7 23 
810 690 17 31 
660 540 16 21 
630 540 20 
450 540 9 
480 540 18 
330 510 9 27 
270 510 6 2 
390 570 10 11 
300 510 24 6 
600 540 11 
240 450 6 2 8 
630 600 11 35 
840 690 19 
120 360 2 
690 600 16 
180 360 15 38 
660 600 30 
150 180 7 39 
810 660 14 
150 360 34 
120 180 36 2 
