50
510 510 1 3 4 5 17 19 22 
630 360 0 2 9 14 42 49 
1080 810 1 25 28 
750 750 0 10 47 20 36 40 
330 330 0 
210 420 0 6 7 11 13 16 39 37 
30 240 5 12 
240 120 5 8 31 
240 90 7 18 
930 750 1 27 30 
600 660 3 15 20 40 
30 330 5 21 
0 240 6 39 
240 420 5 24 
330 90 1 33 
570 630 10 
60 780 5 21 29 37 41 
360 390 0 
270 90 8 
360 420 0 
540 750 10 22 36 3 
0 720 16 23 39 11 41 
510 750 20 32 35 0 
0 810 21 
270 420 13 34 
1020 780 2 26 35 
990 750 25 
960 750 9 
1050 810 2 
210 780 16 43 
900 750 9 
270 120 7 
540 630 22 
300 90 14 49 
300 420 24 38 45 48 
510 780 22 44 25 
630 720 20 3 
60 390 16 5 
300 330 34 
0 270 5 21 12 
630 660 10 3 
30 810 16 46 21 
300 120 1 
450 780 29 
480 780 35 
330 390 34 
60 810 41 
870 750 3 
330 420 34 
270 0 33 1 
