60
0 990 1 2 3 4 41 44 
330 630 0 17 
0 300 0 5 6 8 10 12 32 33 16 
330 990 0 7 11 
330 870 0 13 
0 30 2 16 
270 300 2 25 29 58 
1110 990 3 11 18 36 49 35 30 28 
270 150 2 9 15 
300 150 8 22 24 
30 540 2 26 
480 960 7 28 30 3 
240 540 2 14 40 
360 870 4 52 
120 540 12 37 45 
240 120 8 34 
90 120 5 20 33 59 2 
720 630 1 19 
780 660 7 23 19 
750 630 17 31 48 53 18 41 
120 120 16 21 34 
150 90 20 38 
300 0 9 
780 720 18 44 49 
330 150 9 27 
300 300 6 42 
60 540 10 
360 150 24 50 
510 960 11 30 7 
300 240 6 
480 900 11 35 54 56 7 28 
360 300 19 
180 510 2 
30 90 16 2 
210 120 15 38 20 
960 900 30 7 
1230 990 7 39 
90 540 14 
180 90 34 46 21 
1260 990 36 51 55 
270 540 12 
330 570 0 43 19 
330 300 25 
300 540 41 
330 810 23 57 0 
120 510 14 47 
150 60 38 
150 510 45 
330 240 19 
810 720 7 23 
390 150 27 
1290 990 39 
390 870 13 
300 180 19 
390 810 30 
420 150 39 
420 870 30 
360 810 44 
270 180 6 
120 60 16 
