70
510 480 1 2 4 10 
0 90 0 3 11 69 
510 1050 0 5 7 8 17 
0 1170 1 6 22 38 64 
120 90 0 19 34 
1380 1140 2 15 41 59 17 
30 1170 3 9 16 30 33 55 8 
540 1020 2 18 29 35 
360 1050 2 20 27 6 
360 1170 6 62 
540 510 0 12 21 31 37 40 
30 90 1 
930 900 10 13 14 47 49 68 56 
960 810 12 56 49 
1020 900 12 17 
1410 1170 5 25 
360 1140 6 
1290 1050 14 26 50 53 5 2 
540 870 7 28 31 
90 90 4 23 
120 810 8 24 22 
600 660 10 
30 720 3 20 
60 90 19 
120 990 20 32 36 48 
1380 1170 15 
1080 870 17 
300 1020 8 58 44 
570 870 18 61 
720 1020 7 46 54 
90 1020 6 44 
540 720 10 40 18 
90 990 24 55 
360 1110 6 65 
30 0 4 
720 900 7 39 68 
150 990 24 67 
570 690 10 
30 960 3 48 
690 870 35 42 
720 720 31 43 60 68 10 
1350 1140 5 
660 870 39 45 
660 660 40 51 
240 1020 30 66 27 
630 870 42 
750 1020 29 
930 720 12 
90 960 38 52 24 
960 840 12 56 13 
960 720 17 
630 660 43 
60 930 48 
810 1020 17 57 54 
720 930 29 53 
60 990 6 32 
1020 870 49 63 12 13 
780 1020 53 
270 990 27 
420 1110 5 
600 690 40 
600 870 28 
1350 1170 9 
1050 870 56 
30 930 3 
390 1110 33 
210 990 44 
180 990 36 
900 900 12 35 40 
0 0 1 
