90
0 900 1 3 6 10 12 29 
330 870 0 2 46 
480 630 1 4 5 13 59 85 
330 600 0 20 24 56 
750 900 2 11 41 61 19 89 66 
510 90 2 7 8 23 31 81 
0 1200 0 15 21 49 
840 720 5 39 68 
1620 1200 5 9 14 28 30 44 
1020 750 8 54 
150 570 0 22 26 27 76 
1230 1200 4 17 19 40 87 89 16 47 33 37 
0 540 0 18 79 
510 60 2 34 
1050 720 8 
120 1200 6 16 25 
150 1200 15 52 11 
270 1140 11 37 
0 480 12 70 
780 750 11 38 65 74 4 66 89 63 80 
360 600 3 
120 960 6 33 42 
150 450 10 
930 750 5 51 
300 570 3 55 72 83 
120 1080 15 
120 540 10 35 62 
180 540 10 88 
1080 690 8 
390 900 0 50 46 
1440 1200 8 32 57 
1020 720 5 
1410 1200 30 36 
270 1110 21 47 11 
540 60 13 43 
60 480 26 
1380 1200 32 
270 1170 17 47 11 
840 870 19 63 80 66 89 
870 720 7 
1350 1200 11 
690 870 4 48 
90 930 21 
570 60 34 45 
1860 1200 8 71 73 
600 60 43 58 69 
360 870 1 29 
240 1170 37 67 82 33 11 
660 870 41 64 
30 930 6 53 
570 870 29 75 84 
960 750 23 
180 1170 16 
60 930 49 
990 750 9 
180 450 24 
330 510 3 
1350 1110 30 
600 0 45 60 
420 600 2 78 
630 0 58 
630 900 4 84 64 
90 540 26 86 
810 840 38 66 19 
630 870 48 61 
900 750 19 
780 870 63 19 89 38 4 
210 1170 47 
810 720 7 
630 60 45 
30 480 18 
660 0 44 
240 540 24 
690 60 44 77 
780 720 19 
570 900 50 84 
180 570 10 
660 60 73 
390 600 59 
30 540 12 
870 870 38 19 
1050 690 5 
150 1080 47 
270 570 24 
600 900 75 61 50 
360 510 2 
60 540 62 
1320 1110 11 
210 540 27 
900 900 11 19 66 38 4 
