30
0 630 1 2 3 4 28 11 
510 630 0 17 
510 600 0 5 6 8 10 12 9 25 16 15 29 
30 510 0 7 
0 0 0 13 
120 90 2 16 13 18 
300 480 2 25 29 8 15 27 24 
90 570 3 11 18 10 
300 420 2 9 15 6 
270 360 8 22 24 2 
210 570 2 26 7 
30 540 7 28 0 
540 600 2 14 20 16 
30 0 4 5 
570 570 12 20 
330 480 8 6 2 
540 510 5 20 2 12 
720 630 1 19 
120 540 7 23 5 
690 600 17 
630 600 16 21 14 12 
660 600 20 
240 330 9 
150 540 18 
240 570 9 27 25 6 
330 570 6 2 29 24 
180 540 10 
300 540 24 6 
30 570 11 0 
360 570 6 25 2 
