30
510 480 1 2 3 4 28 11 7 13 
90 60 0 17 
0 480 0 5 6 8 10 12 9 25 16 15 29 24 26 13 19 
120 180 0 7 
300 450 0 13 
60 240 2 16 13 18 10 12 20 7 23 26 
780 750 2 25 29 8 15 27 24 9 22 
90 180 3 11 18 10 5 0 17 
120 660 2 9 15 6 22 
90 690 8 22 24 2 6 27 
30 120 2 26 7 5 
120 150 7 28 0 
60 360 2 14 20 16 5 21 
300 420 4 5 18 23 2 0 16 
90 330 12 20 21 
150 660 8 6 2 
180 390 5 20 2 12 21 13 
90 90 1 19 28 7 
90 210 7 23 5 13 
0 0 17 2 
90 300 16 21 14 12 5 
120 360 20 14 16 12 
120 690 9 8 6 
90 240 18 5 13 
60 720 9 27 25 6 2 
30 720 6 2 29 24 
30 210 10 2 5 
90 720 24 6 9 
120 120 11 0 17 
0 750 6 25 2 
