50
360 330 1 2 9 15 35 41 39 33 
150 60 0 3 17 19 22 47 48 
360 930 0 4 5 29 9 15 35 46 
30 1170 1 12 14 16 31 42 22 
390 540 2 6 8 10 46 
330 930 2 7 13 18 22 49 29 34 28 23 40 
480 660 4 25 27 37 30 46 
180 810 5 34 49 13 22 40 
660 810 4 20 33 41 15 36 43 
870 900 0 2 35 15 39 
390 780 4 11 46 
390 810 10 46 
150 1170 3 
180 780 5 7 22 29 
150 1140 3 22 
840 870 0 43 8 2 46 33 9 
0 1200 3 
90 30 1 48 
480 1110 5 23 24 
1290 1200 1 21 38 23 
690 750 8 36 33 41 
180 1170 19 
150 1110 5 28 29 40 23 7 13 1 3 14 
1200 1140 18 47 19 22 28 5 
360 990 18 26 32 
600 780 6 30 46 37 
360 1110 24 44 
480 720 6 37 
330 1110 22 5 23 
180 750 22 2 5 13 
540 750 25 37 6 
60 30 3 
450 1110 24 
780 810 8 41 20 15 36 0 
240 900 7 49 5 
960 930 0 39 2 9 
690 780 20 8 33 
510 750 30 46 25 27 6 
30 1200 19 
900 900 35 0 9 
180 900 22 7 5 49 
660 690 33 8 20 0 
30 0 3 
600 840 15 46 8 
390 1110 26 45 
420 1110 44 
450 840 4 43 10 37 15 11 2 25 6 
990 930 23 1 
90 0 17 1 
210 900 5 7 34 40 
