50
0 990 1 2 4 10 
660 930 0 3 11 24 
450 900 0 5 7 8 
960 960 1 6 22 38 29 
1080 990 0 19 34 
420 870 2 15 41 6 
300 300 3 9 16 30 33 5 
480 660 2 18 29 35 24 28 8 
480 900 2 20 27 7 
0 0 6 10 
0 870 0 12 21 31 37 9 17 
660 960 1 
180 780 10 13 14 47 49 16 
210 840 12 
240 840 12 17 
390 870 5 25 
210 240 6 12 
270 870 14 26 30 10 
540 840 7 28 
1050 960 4 23 
510 900 8 24 
180 840 10 
990 960 3 
1020 960 19 
630 900 20 32 36 28 7 1 
360 870 15 
330 870 17 
510 870 8 
570 840 18 24 7 
720 900 7 46 3 
300 810 6 44 17 
30 750 10 40 
540 870 24 
600 630 6 
1110 990 4 
480 630 7 39 
660 900 24 
30 660 10 
960 870 3 48 
510 630 35 42 
60 750 31 43 
360 810 5 
540 630 39 45 
90 750 40 
330 810 30 
570 630 42 
690 900 29 
120 750 12 
990 870 38 
60 660 12 
