50
0 750 1 3 6 10 12 29 25 18 
150 720 0 2 46 23 13 
180 210 1 4 5 13 19 11 38 39 10 7 
0 150 0 20 24 
240 300 2 11 41 13 40 48 17 
750 720 2 7 8 23 31 9 13 30 28 
0 1020 0 15 21 49 29 25 42 16 33 
210 180 5 39 2 
1200 1020 5 9 14 28 30 44 32 
810 720 8 5 
150 180 0 22 26 27 2 
450 510 4 17 19 40 2 34 37 48 41 47 13 45 43 
390 990 0 18 
210 660 2 34 4 11 45 48 5 23 19 1 38 
1170 1020 8 
150 960 6 16 25 33 29 42 
30 840 15 6 25 42 
330 420 11 37 40 4 
150 750 12 0 
570 630 11 38 2 34 13 
0 60 3 
30 900 6 33 42 
30 60 10 
240 720 5 1 13 46 
30 150 3 
30 810 15 6 16 29 0 
90 150 10 35 
150 0 10 
810 690 8 5 
210 990 0 6 25 15 
750 600 8 32 5 
780 660 5 
750 570 30 36 8 
60 930 21 15 42 6 
510 600 13 43 11 45 19 
60 150 26 
180 0 32 
330 450 17 47 40 11 
600 660 19 2 13 
210 210 7 2 
300 480 11 4 37 41 17 47 
270 480 4 48 11 40 
30 870 21 33 6 16 15 
480 570 34 45 11 
420 990 8 
450 570 43 34 11 13 
210 690 1 23 
330 480 37 11 40 
240 480 41 11 4 13 
210 1020 6 
