60
1050 1260 1 2 4 10 34 24 32 
810 1260 0 3 11 2 34 40 24 32 
0 180 0 5 7 8 1 49 46 10 56 38 40 31 3 
780 1230 1 6 22 38 43 52 40 2 
1110 1350 0 19 34 40 10 23 
0 150 2 15 41 59 26 17 
210 1080 3 9 16 30 33 55 44 
270 720 2 18 29 35 54 42 39 
930 1200 2 20 27 24 36 
240 990 6 
1500 1440 0 12 21 31 37 19 4 23 2 49 
810 1290 1 34 40 
1680 1470 10 13 14 47 49 
180 30 12 
150 60 12 17 
150 150 5 25 17 
270 1080 6 
120 120 14 26 50 53 41 15 5 59 
330 840 7 28 35 39 
90 1380 4 23 10 37 31 40 
870 1170 8 24 36 
210 150 10 
300 1080 3 
1110 1380 19 4 10 
840 1200 20 32 36 8 0 1 
180 150 15 
30 60 17 5 
960 1200 8 58 
360 840 18 
510 960 7 46 54 
150 1050 6 44 
60 1410 10 40 19 2 
840 1230 24 0 1 
270 1020 6 
1080 1320 4 1 0 11 40 
390 870 7 39 54 18 
840 1110 24 8 20 
90 1410 10 19 
120 1080 3 48 44 52 2 40 55 
300 870 35 42 54 7 18 
90 1320 31 43 4 3 1 11 2 34 38 48 19 
30 90 5 17 
270 870 39 45 54 46 7 
120 1200 40 51 52 3 48 
150 1020 30 38 6 
270 900 42 54 46 
240 960 29 42 2 54 45 
210 0 12 
120 1110 38 52 43 51 40 
30 1470 12 56 2 10 
150 30 17 
150 1170 43 48 52 
210 1200 48 43 3 38 51 
150 0 17 57 
450 930 29 42 35 39 7 46 45 
150 1080 6 38 
0 1470 49 2 
180 0 53 
990 1200 27 
0 0 5 17 
