40
30 660 1 3 6 10 12 29 2 
480 450 0 2 
480 420 1 4 5 13 6 0 11 29 
630 660 0 20 24 5 
270 360 2 11 
780 690 2 7 8 23 31 3 
60 360 0 15 21 2 29 11 33 
990 900 5 39 8 
0 690 5 9 14 28 30 32 36 12 7 
0 900 8 28 32 
480 630 0 22 26 27 
270 330 4 17 19 21 16 6 15 33 2 
0 660 0 18 8 
360 300 2 34 
60 870 8 28 32 30 
60 120 6 16 25 21 11 
120 270 15 37 11 17 
180 270 11 37 16 
0 630 12 
270 300 11 38 
540 630 3 
90 270 6 33 11 15 
510 630 10 
510 510 5 
570 600 3 
60 0 15 
510 600 10 35 
480 510 10 
30 870 8 14 32 9 
60 390 0 6 2 
90 870 8 32 14 
90 0 5 
120 900 30 36 8 28 14 9 
90 300 21 11 6 
330 300 13 
540 600 26 
150 900 32 8 
150 240 17 16 
300 300 19 
180 900 7 
