90
0 1470 1 2 4 10 
720 1470 0 3 11 69 6 
720 1110 0 5 7 8 84 16 
930 1440 1 6 22 38 64 84 
0 1050 0 19 34 10 72 70 
690 1080 2 15 41 59 
1710 1470 3 9 16 30 33 55 1 
990 1110 2 18 29 35 
750 1020 2 20 27 42 
690 570 6 62 15 
270 1080 0 12 21 31 37 4 19 43 34 
720 1290 1 89 
300 960 10 13 14 47 49 68 15 
450 390 12 
450 360 12 17 79 
420 1080 5 25 9 12 
1050 1440 6 85 2 
420 330 14 26 50 53 63 
1020 1110 7 28 
30 960 4 23 72 10 34 
750 930 8 24 
300 1080 10 71 
780 1290 3 
60 1020 19 70 
870 1050 20 32 36 35 
390 1080 15 86 88 
450 330 17 
780 1080 8 58 
1050 1110 18 61 
1020 1020 7 46 54 
570 330 6 44 
60 870 10 40 
840 1050 24 
1740 1470 6 65 
0 900 4 43 10 19 
960 1080 7 39 36 24 
930 1050 24 67 78 35 
300 1020 10 
870 1410 3 48 
840 1080 35 42 
30 870 31 43 60 
720 900 5 
810 1080 39 45 8 
0 870 40 51 34 10 
540 330 30 66 
810 1050 42 
1020 990 29 
450 420 12 
840 1410 38 52 
300 330 12 56 81 
420 120 17 
0 0 43 
810 1410 48 
90 0 17 57 
1110 1110 29 
600 450 6 68 
330 330 49 63 82 
60 0 53 73 
750 1080 27 
690 840 5 
30 90 40 
1080 1110 28 
1080 990 9 77 
390 330 56 75 17 
960 1440 3 
1770 1470 33 
510 330 44 87 
750 900 36 
570 450 12 74 55 
750 1410 1 80 
30 1020 23 4 
330 1080 21 
90 1050 19 4 
30 0 57 
540 420 68 76 83 79 
360 300 63 
480 390 74 
1050 990 62 
720 840 36 
480 360 14 74 
780 1410 69 
60 90 49 
330 300 56 
510 420 74 
930 1350 2 3 
1020 1440 16 
360 1080 25 
480 330 66 
330 1020 25 
750 1290 11 
