50
450 480 1 2 3 4 41 8 
300 480 0 17 41 43 
480 450 0 5 6 8 10 12 32 
480 480 0 7 
330 360 0 13 
540 360 2 16 10 
540 270 2 25 29 21 
900 540 3 11 18 36 49 
180 150 2 9 15 0 
30 480 8 22 24 19 34 
540 450 2 26 5 
810 450 7 28 30 
540 30 2 14 40 
300 360 4 
1020 510 12 37 45 
150 120 8 34 
630 450 5 20 33 
270 480 1 19 31 48 
900 510 7 23 
180 480 17 31 48 9 
660 450 16 21 
690 450 20 6 
30 90 9 
930 510 18 44 
30 510 9 27 36 
540 240 6 42 
570 450 10 
0 540 24 
600 240 11 
720 450 6 
780 450 11 35 
210 450 19 17 48 
480 0 2 
600 450 16 
120 120 15 38 9 
750 450 30 
60 540 7 39 24 
990 510 14 
90 90 34 46 
30 540 36 
510 0 12 
300 390 0 43 1 
570 240 25 
330 450 41 1 
960 510 23 
1050 540 14 47 
60 90 38 
1020 540 45 
180 390 19 17 31 
930 540 7 
