80
120 180 1 3 4 5 17 19 12 76 42 24 
1560 1680 0 2 9 14 42 68 25 5 19 
1050 1650 1 25 28 14 73 49 
120 300 0 10 47 61 68 75 15 70 71 
1620 1710 0 5 
90 1890 0 6 7 11 13 16 39 15 22 38 73 58 75 9 45 1 10 34 4 
1620 1740 5 12 
2100 1980 5 8 31 53 
30 1920 7 18 
1020 1290 1 27 30 60 5 14 68 73 49 
930 1260 3 15 20 40 65 22 5 64 
60 1890 5 52 
1680 1770 6 0 34 38 17 
120 120 5 24 45 
1170 1470 1 33 66 26 2 25 49 50 9 
300 630 10 55 5 3 64 75 
300 1200 5 21 29 37 41 22 43 46 23 55 
1710 1770 0 34 12 
0 1980 8 57 
1050 1170 0 76 68 1 
540 990 10 22 36 56 35 74 37 40 32 
450 1110 16 23 46 41 43 
630 1230 20 32 35 74 16 36 5 10 72 37 
360 1020 21 16 46 29 
150 150 13 34 48 0 
1320 1650 2 26 14 1 
1230 1620 25 54 69 14 28 
990 1260 9 
1170 1620 2 51 26 
330 990 16 43 23 
1050 1260 9 68 
2070 1980 7 57 
540 1140 22 20 
1080 1440 14 49 50 
1890 1830 24 38 45 48 79 17 12 5 
720 1200 22 44 20 74 
660 1140 20 22 74 
510 1140 16 59 67 72 20 40 22 
1620 1800 34 5 12 
1980 1890 5 58 
510 900 10 37 56 20 
360 1080 16 46 21 
1590 1680 1 0 
330 960 29 63 16 55 67 21 
750 1230 35 
90 0 34 5 13 
360 1050 41 16 21 23 
210 600 3 70 71 
180 150 34 24 79 
1050 1350 33 73 14 50 9 2 
1110 1440 33 49 14 
1170 1590 28 
30 1890 11 
2010 1890 7 
1260 1620 26 
300 660 15 64 78 63 43 16 
570 990 20 40 
30 1980 18 31 
1950 1860 39 5 
540 1200 37 72 
1080 1290 9 68 
150 540 3 62 75 
180 570 61 75 
360 780 43 78 55 
420 780 55 78 10 15 
960 1260 10 
1290 1620 14 
480 1110 37 43 
1020 1200 1 3 60 9 30 19 
1200 1590 26 
270 600 47 71 3 
240 570 70 47 3 
510 1200 59 37 22 
1020 1650 49 5 2 9 
690 1170 22 20 35 36 
120 600 61 77 5 3 15 62 
1020 1140 19 0 
180 600 75 
390 780 63 64 55 
180 120 34 48 
