50
1290 1230 1 2 4 10 8 15 30 27 
60 1230 0 3 11 24 8 
420 1170 0 5 7 8 41 
0 600 1 6 22 38 29 
960 990 0 19 34 
570 1170 2 15 41 6 
480 1080 3 9 16 30 33 5 29 12 7 
390 1140 2 18 29 35 24 28 8 6 
90 1200 2 20 27 7 0 24 1 
510 930 6 10 16 33 
600 540 0 12 21 31 37 9 17 16 
30 1230 1 
630 990 10 13 14 47 49 16 30 6 17 
660 900 12 30 49 
660 870 12 17 
990 1170 5 25 0 
600 960 6 12 9 10 
660 810 14 26 30 10 12 
150 1110 7 28 
930 990 4 23 
120 1110 8 24 
870 990 10 
0 1230 3 
900 990 19 
90 990 20 32 36 28 7 1 8 
960 1140 15 
690 870 17 30 
420 1200 8 0 
150 1080 18 24 7 
420 1050 7 46 3 6 
870 1020 6 44 17 13 12 0 26 49 
90 30 10 40 38 
90 750 24 
480 900 6 9 
960 960 4 
240 990 7 39 
120 990 24 
990 960 10 
0 30 3 48 31 
210 990 35 42 
60 0 31 43 
510 1140 5 2 
180 990 39 45 
30 0 40 
690 990 30 
150 990 42 
120 750 29 
660 990 12 
0 0 38 
660 930 12 30 13 
