50
810 360 1 3 6 10 12 29 25 
450 390 0 2 46 23 
420 420 1 4 5 13 19 11 38 
840 360 0 20 24 
300 390 2 11 41 13 40 48 
1020 420 2 7 8 23 31 9 
480 30 0 15 21 49 29 25 42 16 33 
930 360 5 39 
1170 450 5 9 14 28 30 44 
1050 420 8 5 
810 240 0 22 26 27 
0 60 4 17 19 40 2 34 37 48 41 47 13 45 43 
540 330 0 18 
90 450 2 34 4 11 45 
1200 450 8 
660 240 6 16 25 33 29 
540 210 15 6 25 
150 330 11 37 
510 330 12 
0 30 11 38 2 
870 360 3 
570 210 6 33 42 
810 60 10 
810 390 5 1 
840 270 3 
510 270 15 6 16 29 0 
840 180 10 35 
840 240 10 
900 180 8 
690 270 0 6 25 15 
930 240 8 32 
870 270 5 
900 240 30 36 
630 210 21 15 42 6 
60 420 13 43 11 45 
870 180 26 
870 240 32 
180 360 17 47 40 11 
0 0 19 2 
900 360 7 
210 360 11 4 37 41 
240 360 4 48 11 40 
600 180 21 33 6 
30 390 34 45 11 
420 450 8 
0 450 43 34 11 13 
450 330 1 
120 360 37 11 
270 360 41 11 4 
480 330 6 
