60
30 600 1 2 4 10 
60 630 0 3 11 2 
0 870 0 5 7 8 1 49 
480 630 1 6 22 38 43 
180 540 0 19 34 40 
60 780 2 15 41 59 
630 780 3 9 16 30 33 55 
990 870 2 18 29 35 54 
0 90 2 20 27 24 36 
150 750 6 
150 120 0 12 21 31 37 19 
300 600 1 
870 840 10 13 14 47 49 
900 840 12 
780 780 12 17 
90 750 5 25 
90 660 6 
750 780 14 26 50 53 
960 840 7 28 
180 480 4 23 10 
30 60 8 24 
90 60 10 
510 600 3 
210 480 19 
30 30 20 32 36 8 
120 750 15 
660 720 17 
30 90 8 58 
930 840 18 
1020 870 7 46 54 
600 780 6 44 
270 510 10 40 
60 60 24 
630 720 6 
240 510 4 
990 750 7 39 54 
0 0 24 8 
90 90 10 
420 570 3 48 
1050 810 35 42 54 
300 540 31 43 4 
60 660 5 
1140 870 39 45 54 46 
360 600 40 51 52 3 
570 780 30 
900 630 42 
1050 870 29 42 
870 630 12 
390 570 38 52 
90 840 12 56 2 
720 780 17 
330 600 43 
360 570 48 43 
570 600 17 57 
1020 810 29 42 35 39 7 
660 780 6 
60 810 49 
540 600 53 
60 90 27 
90 780 5 
