70
0 600 1 2 3 4 41 7 
540 600 0 17 
0 1440 0 5 6 8 10 12 32 16 26 59 21 20 64 
540 540 0 7 
60 390 0 13 39 51 35 
30 660 2 16 6 
330 960 2 25 29 58 12 40 14 59 5 8 16 
540 510 3 11 18 36 49 44 51 68 53 0 
1560 1440 2 9 15 69 34 19 25 14 45 47 6 
1680 1440 8 22 24 50 
30 780 2 26 20 16 33 
540 480 7 28 30 
330 1290 2 14 40 6 
60 480 4 52 39 
390 1200 12 37 45 63 58 8 25 6 47 40 
420 1410 8 34 
30 690 5 20 33 59 21 2 61 10 6 
600 600 1 19 53 
180 210 7 23 36 57 44 39 55 68 65 
1050 930 17 31 48 53 8 
120 840 16 21 61 10 26 33 2 
180 870 20 64 59 16 61 2 
1710 1440 9 
270 360 18 44 65 57 60 
690 450 9 27 50 
540 1200 6 42 8 63 14 58 
30 810 10 2 20 
660 420 24 50 
570 480 11 
990 930 6 
540 450 11 35 54 56 
600 480 19 
330 1410 2 
60 780 16 20 10 
390 1350 15 38 8 
90 0 30 4 
210 480 7 39 18 44 60 49 67 55 65 
420 1080 14 58 
390 1410 34 46 
150 480 36 51 55 52 68 18 4 13 
360 1170 12 6 14 
0 360 0 43 
480 1170 25 63 58 
30 360 41 
360 420 23 57 60 36 7 18 67 49 
390 1260 14 47 69 8 
360 1410 38 
420 1260 45 8 14 
1020 930 19 
390 480 7 67 44 36 
660 450 27 66 9 24 
90 60 39 68 7 4 
90 450 13 39 
600 570 19 7 17 
570 300 30 
180 450 39 18 36 
570 450 30 62 
300 360 44 18 23 
450 1110 6 14 42 63 25 37 
240 930 16 21 2 6 64 
240 390 44 36 23 
150 840 20 16 21 
600 450 56 
450 1170 42 14 25 58 
180 900 21 59 2 
240 330 23 36 18 
630 450 50 
360 450 49 44 36 
180 180 51 39 7 18 
390 1290 45 8 
