60
0 1440 1 2 9 15 35 6 39 27 46 42 3 19 16 
180 1110 0 3 17 19 21 38 48 16 
180 900 0 4 5 39 58 36 
1080 1320 1 12 14 16 31 42 19 38 0 49 50 
150 330 2 6 8 10 46 39 58 55 57 22 36 
750 960 2 7 13 18 22 49 36 29 24 47 42 56 23 28 32 50 
30 60 4 25 27 0 55 15 
780 1050 5 34 50 
240 570 4 20 33 53 24 26 57 29 36 
0 0 0 
180 300 4 11 22 40 15 
180 270 10 52 15 
1080 1380 3 42 
180 930 5 16 
180 1290 3 
1530 1440 0 43 52 22 40 11 42 6 10 
180 1080 3 50 13 0 1 
240 1200 1 48 19 21 
420 900 5 23 24 47 56 26 
180 1260 1 21 38 17 48 3 0 
240 750 8 36 56 45 44 26 53 
210 1170 19 1 17 
300 480 5 28 29 40 51 10 4 15 57 42 
450 900 18 47 5 
420 780 18 26 32 8 29 47 5 
30 30 6 30 
390 870 24 44 56 8 20 18 53 
30 210 6 55 0 46 
570 780 22 29 5 
540 780 22 24 5 51 8 28 33 41 
60 30 25 37 54 
1110 1380 3 42 
480 870 24 47 5 
270 570 8 41 57 51 29 
810 1050 7 
60 840 0 39 46 
210 900 20 5 56 8 2 4 
90 30 30 
300 1260 19 48 1 3 
90 870 35 58 46 2 4 0 
330 480 22 15 10 
300 570 33 51 29 
1200 1410 3 5 0 15 22 31 12 
120 30 15 
300 840 26 45 20 
270 840 44 20 
30 240 4 59 39 55 0 35 27 
450 870 23 24 18 5 32 
270 1230 17 38 19 1 
840 1080 5 50 3 
210 1080 49 16 7 3 5 
300 540 41 22 29 33 57 
180 240 11 15 
270 750 8 26 20 
30 0 30 
60 240 27 46 4 6 
240 900 26 20 36 18 5 
270 510 33 4 8 22 51 
150 870 39 2 4 
30 810 46 
