70
1350 1200 1 3 4 5 17 19 57 18 8 7 
0 1230 0 2 9 14 42 68 8 7 18 69 
30 1050 1 25 28 
1200 1050 0 10 47 61 5 16 15 
210 1080 0 5 7 
210 1050 0 6 7 11 13 16 39 10 3 35 29 37 20 65 4 53 59 67 40 
720 870 5 12 
150 1080 5 8 31 53 1 0 4 
150 1110 7 18 1 0 57 
1500 1230 1 27 30 60 
330 330 3 15 20 40 65 5 11 62 35 37 16 55 
240 240 5 52 10 40 
750 870 6 
330 510 5 24 
180 1410 1 33 66 
360 210 10 55 47 3 
990 1020 5 21 29 37 41 10 3 43 
1380 1200 0 
150 1170 8 57 0 1 
1350 1140 0 
510 540 10 22 36 56 5 35 
810 870 16 23 
510 570 20 32 35 
780 870 21 
360 510 13 34 48 
30 930 2 26 
60 930 25 54 69 
1410 1200 9 
60 1050 2 51 
720 930 16 43 63 5 
1380 1140 9 
120 1050 7 
510 630 22 
60 1410 14 49 50 
390 510 24 38 45 48 
630 660 22 44 37 5 10 59 20 
450 480 20 
720 750 16 59 67 35 10 5 
420 480 34 
720 900 5 58 
240 270 10 11 5 
810 900 16 46 
0 1410 1 
750 990 29 63 16 
540 630 35 
420 510 34 
780 900 41 
450 330 3 55 15 61 
360 480 34 24 
30 1410 33 
90 1380 33 
90 1050 28 
240 0 11 
180 1020 7 54 5 
90 930 26 53 
360 240 15 64 47 61 10 62 
450 510 20 
180 1170 18 0 8 
750 900 39 
630 690 37 35 5 
270 0 9 
420 330 3 62 55 47 
390 330 61 10 55 
720 990 43 29 
360 300 55 
240 300 10 5 
1680 1410 14 
630 720 37 5 
120 1380 1 
0 870 26 1 
