40
0 270 1 2 3 4 19 18 17 31 
0 90 0 17 
0 630 0 5 6 8 10 12 32 9 29 25 39 27 24 7 36 18 23 21 
120 210 0 7 4 30 11 19 
150 270 0 13 3 
30 480 2 16 21 
90 810 2 25 29 27 34 32 15 38 
630 630 3 11 18 36 39 2 10 35 30 
300 960 2 9 15 29 10 
270 930 8 22 24 2 27 15 
1020 960 2 26 11 7 8 
60 0 7 28 30 26 10 35 17 3 19 
30 390 2 14 21 
120 240 4 
60 420 12 37 16 33 20 
150 930 8 34 27 6 29 9 38 
180 480 5 20 33 14 21 37 18 
30 120 1 19 11 0 
240 510 7 23 2 0 16 
60 150 17 31 0 3 11 
60 450 16 21 14 
30 450 20 16 5 12 2 
210 900 9 27 24 
240 540 18 2 36 
210 870 9 27 2 22 
30 780 6 2 29 32 
660 630 10 11 
180 900 24 6 9 22 2 15 
180 180 11 35 30 
0 960 6 2 8 25 15 34 
150 210 11 35 28 3 7 
60 180 19 0 
60 780 2 6 25 
90 420 16 14 37 
90 900 15 38 6 29 
210 210 30 11 28 7 
270 570 7 39 2 23 
90 390 14 16 33 
120 900 34 6 15 
270 600 36 2 7 
