40
330 660 1 2 4 10 3 34 19 37 23 
780 660 0 3 11 4 10 21 5 
300 660 0 5 7 8 28 33 20 
330 180 1 6 22 38 0 10 5 
660 630 0 19 34 10 23 1 17 21 11 
1080 690 2 15 1 6 3 27 
480 180 3 9 16 30 33 5 22 
0 360 2 18 29 35 20 28 39 
90 690 2 20 27 24 
480 150 6 
360 240 0 12 21 31 37 4 14 1 3 34 17 
690 630 1 4 
480 510 10 13 14 31 
510 510 12 
420 540 12 17 10 
540 150 5 25 
360 120 6 
570 540 14 26 4 10 
30 540 7 28 35 29 20 39 
390 570 4 23 34 0 
0 540 8 24 18 7 2 36 32 
690 600 10 4 1 
360 150 3 6 
390 600 19 4 0 
60 690 20 32 36 8 
510 150 15 
540 510 17 
300 690 8 5 
150 540 18 2 7 29 
120 510 7 18 39 28 
300 0 6 
450 480 10 12 
0 690 24 20 36 
300 30 6 2 
390 540 4 0 10 37 19 
60 450 7 39 18 
30 660 24 20 32 
360 510 10 34 0 
330 120 3 
90 480 35 18 29 7 
