20
0.71515 -0.37799 19 13 16
0.22952 0.36093 9 7 14 15 18 3
-0.43812 0.24616 9 7 11
0.47860 0.65403 9 16 1
0.04259 -0.35074 8 15 11 18
-0.87902 -0.38984 11 10
0.32276 0.11546 11 16 15
-0.02265 0.05899 10 1 19 2 8 16
-0.13261 -0.03797 4 7 14 13 9
-0.00752 0.43307 15 2 1 14 3 8
-0.56229 -0.40376 7 12 5
-0.28772 -0.16419 19 6 5 12 4 2 14
-0.31736 -0.69670 11 10 13
0.18287 -0.55480 15 0 12 8
-0.30475 0.47203 9 1 17 8 11
0.20459 -0.04411 9 1 13 4 6
0.62157 0.18913 3 6 7 0
-0.65024 1.00000 14
0.51234 -0.17340 19 1 4
0.29229 -0.33630 11 7 18 0
