50
0.46828 0.14588 7 41 47 17 31
-0.51161 -0.61744 36 8 11 23 6
0.27319 0.74910 12 40 33
-0.07038 -0.03407 33 20 28 21 9 40 29
0.31033 0.19377 34 22 40 21
-0.34076 -0.33037 8 22 26
-0.08324 -0.48389 45 21 26 48 1
0.75672 -0.18808 34 0 41 29
-0.07830 -0.26918 5 1 24 33
0.32502 -0.37206 25 13 3
-0.34193 0.53024 40 35 47
-0.67844 -0.43866 21 1
0.06335 0.79336 40 2 30 47
0.11580 -0.17929 39 18 40 42 9 27 46
0.06189 0.01545 39 21 26 43 25 24
1.00000 -0.08341 27 25
0.97956 -0.21879 41 34 27 25
-0.15371 0.12524 37 0 29 49 46 21
0.27498 -0.77242 13 48
-0.53142 0.58008 46 28 30
-0.56541 -0.18348 26 35 3
-0.23825 0.00935 11 14 6 47 30 3 17 35 4
-0.10855 0.07650 43 46 30 4 37 32 5 40 45 26
-0.93273 -0.43560 35 1
0.26112 0.05129 31 8 39 14
0.45644 -0.12577 9 26 39 16 15 14
-0.21272 -0.20186 20 14 6 49 25 5 36 22
0.64163 -0.25439 48 16 15 13 38
-0.51262 0.23998 19 42 44 49 3 39
0.29064 -0.22054 7 17 3
-0.12085 0.46465 43 22 19 12 21 39 31
0.33677 0.35331 24 0 45 30
-0.18928 -0.46265 42 36 22 48
0.14358 0.26950 46 3 38 39 8 2
0.84525 0.09131 7 16 4 38 41
-0.66926 0.02370 20 23 46 10 21
-0.45816 -0.50762 42 32 1 26
-0.42225 0.39575 17 22 43
0.60405 0.25065 33 40 34 27
0.04168 0.17406 14 13 33 25 28 30 24
0.13009 0.38833 10 12 13 47 38 22 4 2 3
0.91460 -0.12743 16 7 0 34
-0.36784 -0.11702 32 28 43 36 13 46
-0.23920 0.29780 22 46 30 42 14 37 47
-0.96898 0.34536 49 28
0.20723 -0.10302 6 31 22
-0.31216 0.17922 22 19 33 35 43 17 13 42
0.00453 0.46682 0 10 21 40 12 43
0.25285 -0.62739 27 6 18 32
-0.65152 0.14372 44 26 28 17
