20
0.68026 0.13512 9 17 4 1
0.31129 -0.15539 8 17 13 4 6 0
0.00656 0.30881 8 18 6 13 7 17
-0.56716 -0.31400 14 12 13 7
0.59191 -0.31677 11 1 13 17 0
0.41311 -0.47085 11 6 17 13
0.09549 -0.02923 16 2 1 5 15 19
-0.17100 0.09469 8 9 13 2 3 17
-0.40320 -0.03882 1 7 2 15 14 12
0.15314 0.44752 0 12 7 10
-0.15786 0.91921 16 9 18
0.17058 -0.59531 5 4 12 19 15
-0.22157 -0.15022 19 9 11 16 3 13 8
0.02247 -0.31428 7 2 1 19 4 3 12 5
-0.98274 -0.25257 3 8
-0.00318 -0.14491 8 11 6 17
-0.30814 0.45181 6 10 12
0.39128 0.01829 1 0 4 15 5 2 7
0.10916 1.00000 2 10
-0.13040 -0.59310 12 11 13 6
