100
0.01034 0.07895 89 86 34 99 73 39 21 15
-0.11908 -0.12166 51 55 53
-0.13700 -0.02092 57 96 72 99
-0.26376 0.10461 80 94
0.18334 -0.14995 65 95 69
0.23831 -0.05160 93 16 65 38
-0.29508 -0.02644 78 21
-0.19232 0.21895 54 80
0.11401 -0.22175 38 51 20
-0.04594 -0.09840 59 31 81 19 30
0.18522 0.05838 48 71 65
0.18917 -0.00430 95 39
0.35956 -0.05108 90
0.35708 -0.13695 95
0.05889 -0.07196 88 24 38 65
0.16394 0.01408 93 95 0
0.20112 -0.04014 31 5 44
0.03468 0.08441 61 71 57 56 30
-0.26862 -0.10101 88 25 78
-0.13964 -0.06932 45 23 9
0.15621 -0.32418 8
-0.18919 0.05360 6 68 0
0.02022 -0.15083 51 31 59
-0.19963 -0.01847 57 19
0.12980 0.04306 39 75 14
-0.33056 -0.03497 94 96 18 68
0.08381 0.03410 99 65 73 74 52
-0.29712 -0.31816 70
0.11068 0.12427 48 39 34
-0.19427 0.01913 86 30 64 40
-0.06358 0.01493 52 29 17 9
0.04344 -0.00246 16 22 9 39 48 80
-0.23243 -0.15650 40 88 50 67 96
-0.09858 0.36113 89 58
0.11155 0.03480 74 91 0 28
-0.01730 -0.36792 59
-0.11404 -0.31146 59 43 50
0.35595 0.17425 97
0.17444 -0.11405 8 5 14 90
0.06663 0.06079 24 11 31 28 0 72
-0.27995 -0.07693 32 78 29
0.31016 0.12718 83 56
-0.09174 0.11800 49 55 84 89 52 98
-0.07126 -0.35542 36 59
0.31933 -0.04478 16
-0.16078 0.00654 19 64 99
0.52554 -0.96134 82
-0.39891 -0.20545 67
0.14958 0.14446 10 28 49 31 75 66 97
0.04767 0.16431 42 48 62 75
-0.17583 -0.22168 70 88 32 36
-0.00624 -0.14784 22 1 8 99
-0.01947 0.07293 30 42 26
-0.15477 -0.04964 57 1 84
-0.23381 0.32522 7
-0.18406 -0.02917 42 80 1 67
0.20006 0.09413 17 41
-0.11230 0.03153 2 53 77 23 81 17
-0.13584 0.45738 33
-0.03788 -0.25788 36 9 35 43 22
-0.27658 0.20288 77
0.00538 0.19889 17 89
-0.05691 0.14939 80 49 72
0.95944 0.75306 
-0.25338 0.06545 45 94 29 77
0.15631 -0.04592 4 26 5 14 10
0.21007 0.29338 85 48
-0.30005 -0.14730 32 47 55
-0.31078 0.03758 25 21
0.07702 -0.19319 79 4 91
-0.23067 -0.22708 78 27 96 79 50
0.12309 0.09684 17 10
-0.07882 0.08320 2 80 77 62 39
0.17327 0.10347 92 90 26 0 83
0.16770 0.08259 34 97 26
0.18841 0.15118 83 24 87 48 49 93
-0.90004 0.58049 
-0.19271 0.12085 60 57 64 72
-0.30875 -0.13230 70 6 40 18
-0.07891 -0.24553 69 70
-0.12916 0.06463 3 72 55 62 88 31 7
-0.09431 -0.03790 84 57 9
0.51574 -1.00000 46
0.26195 0.15773 41 75 73
-0.13442 0.02611 81 42 53
0.25635 0.39250 66
-0.10445 0.07849 29 0
0.26268 0.23919 75 92
-0.13446 -0.09859 14 18 32 50 80
-0.05351 0.22083 0 42 61 33
0.24539 -0.01059 12 97 73 91 38
0.15227 -0.08386 34 90 69
0.25224 0.19979 73 87
0.24750 0.05456 97 5 15 75
-0.34004 0.06224 25 64 3
0.25342 -0.08309 11 4 15 13
-0.24475 -0.11358 2 70 25 32
0.26074 0.10426 93 37 90 74 48
-0.15004 0.21137 42
-0.03595 -0.01858 26 45 51 2 0
