60
-0.27314 -0.31636 51 33 12 15 42
-0.15448 -0.13998 54 58 42 12 9
0.36842 0.47785 41 58 56 20
-0.26988 0.54147 23 46 29 54
-0.70940 -0.06523 17 39
0.75646 0.11091 11 50 58
-0.32824 0.45935 49 37 7 53 18
-0.07058 0.53034 41 24 39 6 28 23 48
-0.83695 0.01828 33 46
-0.46563 -0.16401 32 51 39 29 16 17 1 24
0.75479 0.39443 11 50 21 56
0.45815 0.11192 10 17 20 5 53 19 41 34
-0.18090 -0.54444 30 42 27 0 1 59
-0.37715 -0.52337 22 31 46 32
0.33405 -0.48851 34 43 17 47 31 50
0.08583 -0.03818 58 33 0 52 53 20
-0.54340 -0.44018 46 9 33 47
-0.10693 -0.21992 11 30 4 55 59 14 9 18
-0.41048 -0.02676 22 17 6
0.91228 -0.29191 40 11
0.36926 0.08348 11 31 43 56 15 2 44
0.71309 0.81709 10 48
-0.02963 -0.38425 28 13 18 50
0.11868 0.86390 3 56 7
0.07077 0.06332 43 7 52 31 48 58 33 9
0.63778 0.07581 50 37 34
-0.50271 0.76046 39 41 49
-0.45340 -0.41096 12 51 44
-0.05739 0.00528 22 44 7 30
-0.21405 0.01521 45 42 9 59 3
-0.01812 -0.28791 31 17 12 37 28
0.11694 -0.40311 30 44 20 40 54 13 24 35 47 43 14
-0.77390 -0.60461 9 13
-0.35484 -0.14906 0 15 51 16 8 24 44
0.71726 -0.20658 52 14 25 11
0.27506 -1.00000 31
-0.21780 0.44345 45 48 49 51 37
0.04316 0.17654 59 25 6 30 41 36
0.45578 -0.57279 42 44
-0.50404 0.35072 53 26 9 7 4
0.61539 -0.57257 31 19 42
-0.07673 0.44033 2 7 49 26 11 37 54 45 46
0.18950 -0.36400 38 1 12 52 29 50 0 40
0.42575 -0.27734 24 20 14 31
0.05724 -0.23823 31 45 28 38 27 33 20
-0.03954 0.14699 29 36 55 44 41
-0.37690 0.06513 3 13 54 16 58 41 8
-0.09716 -0.70630 31 14 16 59
0.21719 0.62890 36 24 21 7
-0.32852 0.79217 6 41 36 26
0.53401 -0.15620 10 25 42 55 5 22 14
-0.56730 -0.02648 0 9 33 27 36
0.41879 -0.09130 34 58 24 42 15
-0.00139 0.35782 39 11 6 15
-0.34427 0.21447 1 31 46 57 41 3
0.27647 -0.24389 45 17 50
0.52828 0.62197 23 2 20 10
-0.82680 0.60744 54
0.23453 0.14278 1 52 2 15 24 46 5
-0.17329 -0.36337 37 17 29 12 47
