30
-0.11095 0.20160 11 18
-0.04009 -0.14508 25 19 23 28 15
-0.23276 -0.16289 7 26
-0.23463 0.02603 29 26 12 10
-0.16643 0.13695 26 11 29
-0.04203 -0.04217 12 17 28 23 18 14
0.03017 0.09723 19 8 13 27 11
-0.12427 -0.15764 22 23 15 20 2
0.04428 0.06452 6 11 9 20 27
-0.04444 0.02954 13 22 12 29 8 17 20
-0.20979 -0.04398 23 19 3
-0.03484 0.17513 4 0 8 6
-0.11696 -0.01751 24 5 9 3 26 22
-0.05016 0.07792 9 29 6 19 18 25
0.08324 0.00127 27 25 17 5
-0.06502 -0.08566 23 20 25 18 7 19 1 17
1.00000 -0.13569 
0.04696 -0.04989 24 5 9 14 15
-0.11230 0.04498 0 15 26 5 13 22
-0.05543 -0.01712 6 1 24 13 22 10 20 15
-0.01344 -0.06341 15 8 7 25 19 9
0.91746 0.41645 
-0.10990 -0.05241 7 9 19 18 12
-0.12942 -0.11230 10 7 15 1 26 5 28
0.03099 -0.08747 12 19 17 27
0.01089 -0.03895 1 15 20 14 28 13
-0.17422 -0.03035 3 4 12 28 23 18 2
0.09330 -0.02107 24 6 14 8 28
-0.03378 -0.10242 1 26 5 25 27 23
-0.15642 0.09439 3 13 9 4
