90
-0.71892 0.43815 16
-0.00775 0.00081 43 2 88 79 35 12 13 71
-0.09595 0.17942 1 58 67 40 78 28 70
0.19304 0.31136 42 50 56 49 7
0.53799 -0.24719 10 71 47
0.29766 -0.31465 10 47 41 48 81 72 59
0.58383 -1.00000 38
0.20089 0.52276 75 19 3
-0.06316 -0.47873 82 77 24
0.15415 0.44051 69 14 33 67
0.44503 -0.36028 88 5 4
-0.09562 0.11819 56 84 42 77 35 15 54
-0.08422 0.29086 26 83 1 64 54
-0.22178 0.10929 28 57 30 62 1 18 78 74 19
0.09070 0.21738 44 88 9 16 83 42
0.03177 0.34911 28 29 87 11
-0.32400 0.31147 0 64 34 14 85 79
0.05928 -0.53538 23 68 38 32 88 24
-0.46476 0.03136 77 53 13 50
-0.12408 0.36583 29 28 42 66 22 73 7 55 58 13
0.48652 -0.20512 33 71 68
-0.11564 0.52992 54 69 67 78
-0.02584 0.74259 69 19
-0.23533 -0.48953 17 59 66
0.19722 -0.26782 44 63 17 8 72 47 75
-0.32530 -0.36469 88 45
-0.20911 0.32440 12 62 75 34
-0.38298 0.19017 37 67
-0.34744 0.32860 13 53 15 19 2
0.09062 0.32596 47 48 19 15 34
-0.00908 -0.24520 89 72 13 40 52 54
-0.55926 -0.31924 53 84 86 32
-0.34789 -0.62938 17 31
0.26265 0.06066 20 63 9 88 46 47 37
-0.23281 0.54356 26 16 29
0.24955 0.15700 1 74 11 36 41
0.48950 0.28933 51 35
-0.05576 -0.07805 27 61 79 83 80 59 33 39
0.39023 -0.70242 6 52 17
0.18888 -0.07694 71 87 40 56 37
0.09393 -0.03816 39 30 2
0.32581 -0.03292 5 88 51 83 35
0.11629 0.37429 11 3 51 19 14
-0.12018 -0.16660 1 65 56 84 71 58
0.40011 -0.03258 14 24 49
-0.54219 -0.21803 25 73
0.35039 0.38129 51 33 69
0.25874 0.00354 29 5 4 64 24 33 74
0.20841 0.01585 58 29 70 5
0.43793 0.15692 83 44 3
-0.15500 0.13855 88 3 85 18
0.15214 0.11351 76 75 70 85 73 42 46 36 41 52
0.30115 -0.27218 38 30 51 87 60 82
-0.64630 0.04021 31 28 18
-0.20490 0.15321 21 86 30 11 12
-0.26119 0.77228 19
-0.03565 0.09325 11 3 73 43 57 39
-0.20200 0.26232 13 83 56 67
-0.09293 0.02312 2 65 48 73 19 43
-0.03456 -0.41491 23 65 5 37
0.32967 -0.15653 75 76 68 52
0.23361 -0.17822 37 71 87 82
-0.28035 -0.01614 63 84 13 26 73
0.10275 -0.25923 81 62 33 24 76
0.00567 0.40421 16 47 69 12
-0.19287 -0.26937 77 43 58 66 70 59
-0.33749 -0.09308 65 80 23 19
-0.15331 0.38306 85 2 27 21 74 57 9
0.30066 -0.39796 70 17 81 20 60
0.11299 0.54654 22 9 78 21 64 75 46
0.00912 -0.11293 68 51 65 86 48 73 2
0.22808 -0.22846 20 39 4 82 88 61 43 1
0.20673 -0.50404 30 24 5
-0.21686 0.02088 86 51 56 70 58 45 19 62
0.00818 0.03530 77 35 82 67 13 47
0.20096 0.20154 60 51 26 87 7 24 69
-0.02486 -0.18282 51 60 80 86 63
-0.23003 -0.18158 18 65 74 8 11
-0.02287 0.29482 69 88 2 13 21
-0.20342 -0.06407 82 1 37 16
-0.34477 -0.18293 76 66 37
0.34776 -0.53433 63 68 5
0.04761 -0.32387 79 8 89 71 74 61 52
0.11816 0.16330 49 57 12 37 14 41
-0.41014 -0.14035 62 11 31 43
-0.19701 0.37621 51 67 50 16
-0.29505 -0.15222 73 70 31 76 54
0.33474 0.06219 39 75 15 52 61
0.08198 -0.12661 50 10 1 14 25 17 78 41 71 33
-0.01251 -0.60034 30 82
