90
0.27328 -0.10942 33 53 67 4
-0.43407 0.16464 53 24 27
-0.06663 0.16536 12 86 60 81 25 4 17 10 28 48
-0.51632 -0.15118 63 57 62 28
0.30263 0.04589 40 9 8 55 0 2 82 47
-0.21565 -0.22670 56 15 28 34 76
-0.13445 -0.37189 71 8 87 51 46
0.31684 -0.01470 56 82 38 75 55 21
0.00753 0.11192 6 66 4 69 42 78 52
0.20928 0.04917 4 64 70 32 61 58
-0.01824 0.46177 2 59 66
0.60618 0.05420 19 33 82
-0.29578 -0.01905 2 67 27 89 37
0.21482 0.21765 75 64 53
0.14825 0.43908 18 85 54 52 48 66
0.02172 -0.03470 36 5 52 31 21
0.37148 -0.46695 30 29
-0.24327 0.46252 2 59
0.14333 0.26457 14 78 19 25
0.50100 0.13655 52 88 18 11 72
-0.18303 -0.47259 89 34 60 84
0.22144 -0.23194 83 58 87 7 72 15
0.01586 -0.19880 31 50 75 71
-0.01191 -0.45407 60 45 56 40 51 46
-0.56342 0.25306 73 61 76 1
-0.18383 0.11833 2 60 18
-0.41047 -0.12608 31 36 57 37
-0.37961 0.27317 12 85 78 1
-0.12642 -0.04134 89 5 53 32 72 87 2 3
0.14838 -0.10672 81 65 72 60 78 41 44 16 50
0.20112 -0.54611 16 56 34
-0.14929 0.07375 67 85 74 26 15 82 77 22 34
0.10770 0.32592 38 80 28 9
0.54521 -0.16092 0 65 11 88
-0.06417 -0.26430 46 5 20 59 31 30 75
-0.10867 -1.00000 46
-0.24150 0.14379 41 68 61 15 26
-0.25294 -0.25829 51 65 79 26 12 86
0.32823 0.31378 48 32 7 66 52
-0.41935 0.45947 78 74
0.32293 -0.35590 4 23
-0.05175 -0.05003 36 77 48 29 87
-0.33456 0.13329 67 8
0.48447 0.31275 64 52 72
0.34523 -0.23596 29 45 50
0.03156 -0.13084 78 23 61 79 44
-0.06211 -0.64955 83 34 35 6 23
0.56026 0.20625 4 82
0.10754 0.12843 41 38 65 67 14 86 2
0.14530 0.52268 72 66 68
0.26514 -0.07776 70 22 64 53 29 44
-0.26342 -0.55720 37 6 23
0.29079 0.23963 19 15 38 43 14 8
-0.01953 -0.01367 0 79 28 67 65 1 50 72 89 13 62
0.36634 0.53176 14 82
0.41819 0.23562 66 72 4 7
0.07687 -0.36149 5 7 84 30 89 23
-0.49118 -0.37822 3 71 26
0.18182 -0.34388 71 21 9
-0.11789 0.19357 34 10 70 17
-0.17552 -0.18097 23 29 76 2 20 71 25
-0.09382 0.23953 86 36 45 80 72 24 9 69
-0.30811 0.05938 69 77 3 53
-0.75624 -0.14424 3 76
0.36064 0.15950 43 77 13 9 50
0.15028 -0.22437 83 29 33 48 37 53
0.22599 0.42605 55 8 38 49 14 10
-0.03886 0.07284 31 12 78 0 53 48 42 82
-0.12572 0.46323 36 78 49
-0.22580 0.25242 62 75 8 74 61
0.07927 -0.09370 84 50 72 86 79 9 59
-0.15044 -0.42363 6 58 57 60 22
0.19860 0.12260 29 55 61 70 49 43 75 21 28 53 19
-0.88979 0.39366 24
-0.42947 0.34114 31 39 69
0.05774 0.04279 13 69 7 72 22 78 34
-0.46084 -0.03170 78 60 63 24 5
0.02956 0.16997 41 62 64 31 82
-0.12070 0.16308 45 82 76 67 29 39 68 86 18 75 27 8
-0.09287 -0.21133 53 45 37 70
0.02936 0.58477 61 32
0.08855 0.23921 29 2
0.24243 0.17938 78 7 31 54 4 67 77 11 47
0.15604 -0.54734 65 46 21
0.04852 -0.48110 56 70 20
-0.18450 0.41308 31 14 27
-0.13130 0.01515 61 2 70 78 48 37
-0.00599 -0.30116 21 6 41 28
0.77426 -0.05773 19 33
-0.17253 -0.26886 28 20 12 56 53
