90
0.22895 0.09412 5 1
0.19340 0.18258 86 0 72
0.33935 -0.28284 8
0.37741 -0.20717 52 57 43
0.12672 0.06097 70 64
0.20093 -0.02164 35 0 11 64 49
-0.17988 -0.01978 36 59 32 77
0.12311 -0.09860 41 49 22 29
0.29746 -0.20561 57 49 2
0.58009 0.83565 
-0.00432 -0.13385 20 65 46
0.15430 -0.05142 46 5 15
-0.23920 -0.14630 77
-0.02826 -0.06576 59 56 80 47
-0.03662 0.21749 67 37
0.11484 0.00659 50 79 11 89
-0.21207 -0.03387 82 36 59
0.85823 0.55494 
0.01726 0.41859 67
-0.14284 -0.20294 87 77
-0.10309 -0.06296 10 53 62
-0.01851 0.08537 73 50
0.12700 -0.03354 75 76 89 72 7 46
-0.06616 0.06442 61 75 55 62
-0.14078 -0.09862 44 40 37 47 50 83
0.03803 -0.24715 65 56
-0.00224 -0.15640 65 62 87 75 71
-0.16303 -0.46713 28
-0.17703 -0.37520 83 27
0.05817 -0.02386 70 59 7
0.02154 -0.32233 65
0.07526 0.41497 67 54
-0.17806 0.05594 37 6
-0.56740 0.72131 
-0.28189 0.04144 53
0.28113 -0.08574 5 52
-0.26127 -0.01591 16 6
-0.09836 0.05811 75 14 24 58 32
-0.89530 0.40260 
0.34671 -0.09392 66 89 52
-0.24337 -0.10231 82 24
0.06501 -0.16849 7
0.02084 0.13606 80 73
0.45040 -0.25593 3
-0.21548 -0.20440 24 45 83
-0.28110 -0.26790 44
0.10040 -0.11184 11 71 10 22
-0.09222 -0.11310 13 24
-0.11722 -0.34090 87
0.22232 -0.12440 8 7 5
-0.01941 -0.00838 15 24 21
-0.76201 -0.80781 
0.29655 -0.16103 35 3 71 69 39
-0.19013 0.01395 59 20 74 34
0.05154 0.42483 67 31
-0.09543 0.16217 23
0.01700 -0.16429 13 25
0.32111 -0.14224 89 8 3
-0.08116 0.13491 73 37
-0.07947 -0.01325 13 16 53 29 6 64
-0.08266 -0.34862 87
-0.05937 0.16213 23
-0.05737 -0.05219 26 20 23
0.30523 0.90047 
0.06967 0.00791 5 4 59
0.00758 -0.23166 25 26 30 10
0.43632 -0.09414 39
0.04262 0.34130 14 31 18 54 86
0.62488 0.70431 
0.38428 -0.18265 52
0.16192 0.03005 4 29 85
0.14835 -0.16715 46 52 26
0.17818 0.08501 22 1
-0.00510 0.14371 58 21 79 42
-0.26534 0.07059 53
-0.03332 -0.03766 23 37 22 26 77
0.19422 -0.07132 22
-0.15649 -0.10452 12 75 19 6
0.33280 0.09217 85
0.07197 0.10205 15 73
-0.00124 0.04743 42 13
-0.75074 0.62120 
-0.29083 -0.06984 16 40
-0.17836 -0.24489 28 44 24
-1.00000 0.16765 
0.26280 0.03922 89 70 78
0.13571 0.28506 1 67
-0.08074 -0.26353 48 19 26 60
-0.76755 -0.53363 
0.24082 -0.04662 57 85 39 22 15
