20
-0.03836 -0.13452 18 11 19 8 17 1 9
0.45893 0.14730 3 4 13 10 0
0.83527 -0.32267 12 10 9
0.71140 -0.06333 1 19 10
-0.12760 0.15636 1 14 17 12 18
-0.55873 -0.00652 18 14 6 15 19 17
-0.31616 0.00389 13 8 5 11
0.09176 0.76083 13 8
-0.11105 0.37122 14 6 0 12 7
0.48671 -0.55029 0 2
1.00000 0.02433 2 1 3
-0.43081 -0.46907 0 17 6
0.33689 -0.00409 2 19 4 8
0.10397 0.25148 6 1 7 16
-0.62028 0.34891 8 4 15 5
-0.93392 0.03315 14 5 17
-0.11447 -0.34514 17 13 19
-0.49760 -0.21667 16 11 0 4 15 5
-0.41593 0.23958 0 5 4
0.13997 -0.22472 0 12 5 3 16
