40
0.16803 0.06851 3 14 12 7 27
-0.16712 0.31709 24 17
-0.05929 0.05057 3 18
0.07468 -0.00362 0 2 12 5
-0.25147 -0.35757 38
0.07767 -0.09874 3 11
-0.04227 -0.16163 15 38 12
0.23391 0.23162 19 0 10 37
-0.05097 -0.55818 9
-0.04552 -0.44549 8 36 38
0.22605 0.35614 13 7
0.08107 -0.18585 33 5
0.11576 -0.09215 0 3 31 6
0.12379 0.42012 17 20 10 28 21
0.05681 0.12937 21 15 0
-0.06927 -0.00032 30 14 18 6
0.19634 0.66867 20
0.00408 0.35550 13 1 19
-0.18834 0.07042 25 15 2
0.13449 0.30759 7 21 17
0.16544 0.56403 13 16
0.09744 0.29468 14 28 19 13
0.17402 -0.35599 36 31
-0.23914 -0.30257 38
-0.31588 0.24657 25 1 35
-0.34149 0.13548 24 18 34
-0.59483 0.13412 34
0.28050 0.05875 0
0.14616 0.38677 21 13
-0.19680 -0.42652 38
-0.14937 -0.04926 15
0.18120 -0.23000 22 12
-0.21085 -1.00000 
0.09141 -0.31246 11 36
-0.48274 0.14595 35 25 26
-0.43508 0.22334 34 24
0.07640 -0.40832 22 33 9
0.34824 0.26150 7
-0.13933 -0.33019 23 6 4 9 29
0.92625 -0.10791 
