100
0.13619 0.21320 52
0.14992 -0.27860 97 45 80
-0.11139 -0.02148 86 39 58 82 69
0.12383 -0.00474 37 12 52 56
-0.11015 0.10093 36 31 25 47
-0.01135 -0.07225 60 24 18
-0.20750 -0.15197 98 20 87
-0.15827 -0.17720 76 85 8 89 58
-0.11753 -0.27166 41 7
0.04983 -0.17766 21 90
0.83259 0.49227 83
-0.02550 0.13301 65 16 50
-0.00626 -0.08712 76 85 37 87 60 3
-0.12877 -0.03679 39 30 31 50 20
0.09239 -0.04150 92 88 50
-0.09316 -0.19403 89 70 90
-0.00637 0.19527 52 42 11 32
-0.00452 0.13591 69
0.04483 -0.08884 37 82 45 51 28 5
-0.34207 0.14115 47
-0.12147 -0.08592 6 24 78 13
0.01462 -0.15309 37 85 9 33 38
0.07319 0.03820 37 96 31 91
0.07321 0.28898 77 65
-0.08572 -0.08976 75 53 76 20 5 29
-0.05931 0.10324 82 4
0.06831 0.09381 69 27 35
0.04979 0.09643 88 67 26
0.04781 -0.11680 38 96 45 69 90 18 41
-0.03113 -0.18344 33 90 24
-0.11279 -0.14133 38 13
-0.07345 0.05253 49 13 22 4
0.09143 0.20704 72 16
0.01115 -0.26022 62 29 21
0.15980 0.19327 52
0.09672 0.03434 96 60 26
0.03135 0.06054 60 77 4 74 90 40 57
0.07237 -0.02810 18 22 12 21 3 72
-0.02399 -0.13166 28 30 75 21
-0.18897 -0.01077 13 2
0.14910 0.09177 36 91
-0.02070 -0.23569 8 28
-0.13096 0.19041 16 95
-0.05404 -0.32630 70 48
0.28921 -0.07930 46 56 93 59
0.12041 -0.15872 28 18 1 46
0.12119 -0.05819 78 82 44 45 69
-0.24805 0.09285 49 79 19 4
-0.00470 -0.39967 62 43
-0.16618 0.06698 74 47 31 53
-0.06104 -0.02078 99 67 89 13 11 14
-0.05403 -0.12419 18 87 90
0.07189 0.11456 16 0 82 78 65 34 3
-0.16780 0.00392 24 49
-0.30212 -0.09785 58 63 86 98
0.54976 0.88387 61
0.24634 -0.03187 44 3
0.17241 0.13287 84 36 72
-0.21174 -0.05702 79 71 54 2 85 95 7
0.39083 -0.08266 44
0.04712 -0.06121 36 5 12 68 35
0.51244 0.88708 55
0.02254 -0.32725 33 68 48
-0.40856 -0.09789 54
-0.17839 0.91529 
0.03882 0.23517 11 81 52 23
-0.28118 -0.09491 79 87
-0.02367 0.04588 27 50 75
0.02094 -0.20768 62 76 60
0.02439 0.01158 26 28 2 17 46
-0.08047 -0.18697 15 86 78 43
-0.27031 -0.09071 58 86
0.12686 0.10872 32 37 57
-0.20880 -0.02986 74 98
-0.09421 0.01137 49 73 36 90
-0.03753 -0.03703 24 82 38 67
-0.07163 -0.17108 85 12 24 80 7 98 68
0.06161 0.19663 36 23
0.00267 -0.04479 46 52 70 20
-0.29353 -0.00367 58 47 66
0.04628 -0.26122 76 1
0.04655 0.34299 65
0.00764 0.01178 25 52 18 46 2 75
0.78314 0.46500 10
0.27421 0.18115 57
-0.09735 -0.12823 76 12 7 21 58
-0.19507 -0.11198 2 71 70 54 89
-0.14978 -0.10853 12 51 66 6
0.12996 0.04590 27 14
-0.13491 -0.13077 15 7 50 86
-0.02041 -0.09370 36 74 29 15 9 28 51
0.18429 0.06832 40 22
0.19437 -0.09251 14
0.38333 -0.11793 44
-1.00000 -0.26948 
-0.20892 0.09122 42 58
0.11597 -0.03018 28 22 35
0.21601 -0.35607 1
-0.21603 -0.12595 6 76 73 54
-0.15784 -0.11863 50
