80
0.81801 -0.29649 23
0.27753 -0.01666 78 44 26 55 28
-0.45789 0.70175 42 41
0.29857 0.04132 56 24 50 6 46 65
0.20038 0.27593 29 78 6 67
0.27734 0.36186 60 58
-0.04533 0.04185 54 20 71 69 60 39 3 4
-0.14609 1.00000 21
0.39334 0.51938 70 78
-0.26590 -0.67915 35 77 76
-0.02585 0.18122 70 18 20 71 57
-0.44839 -0.40986 76 69 68
0.10604 -0.09178 51 37 46 57 23 74 26
-0.45301 -0.18958 31 17 27 38
-0.46267 0.22134 17 67
-0.18695 0.83201 58 41
-0.34589 0.31532 41 26
-0.29695 -0.00013 25 13 14 68 29
0.13907 -0.14057 72 73 10 62 48 66
-0.32871 0.39429 20 75 25 42
-0.17688 0.27529 6 74 57 73 10 19 32 41 71
-0.08995 0.63605 57 70 58 7
-0.20776 -0.27732 76 57 28 77
0.45868 -0.19308 78 28 12 72 43 0
0.17930 0.00532 3 47 39 29 61 65
-0.36146 0.15651 54 17 63 19 33
-0.02947 -0.03251 56 16 1 77 75 12
-0.38479 -0.30927 54 13 79 76
0.15855 -0.28630 23 37 62 55 22 1 53
0.12970 0.11466 65 4 73 24 50 66 17 33
0.05817 -0.73298 40 51 34
-0.10636 -0.04514 13 32 67 47 53
-0.04357 0.11169 31 39 47 20
-0.04614 0.38519 58 47 25 29
0.22415 -0.65854 64 30 48
-0.07724 -0.41367 71 46 43 9 40
-0.17576 0.56768 42 70 49
0.07038 -0.29246 61 12 46 28 55 68
-0.45477 -0.34530 13 39
-0.05400 -0.18848 32 51 24 60 48 6 38
0.01405 -0.61140 30 76 64 35 43
-0.34427 0.60010 16 15 2 20
-0.24017 0.41417 2 46 36 19
0.24434 -0.44614 35 23 40 60
0.08918 0.26736 58 1 79
0.35344 -0.56371 53 55
0.02045 -0.07781 68 37 35 42 12 64 74 60 3
0.15337 0.25263 74 52 24 67 32 31 33 78 75
0.17177 -0.35128 39 18 34 65
-0.24296 0.28352 71 73 70 69 36
0.50167 0.15099 3 29
-0.01610 -0.35903 12 53 30 39 64 79 55 63 62
0.48186 0.49323 47
0.08118 -0.40729 45 51 68 55 31 28
-0.30410 -0.08040 6 25 69 73 62 27
0.26648 -0.27639 59 37 53 28 51 1 60 45
0.33552 -0.12291 72 59 3 61 26 64
-0.15210 0.14879 21 20 12 79 22 10
0.04996 0.60320 33 15 44 21 5
0.30452 0.12060 74 56 65 55 70
0.20599 -0.10760 66 64 39 6 46 5 55 43
0.19977 -0.20197 37 56 79 66 24
-0.07967 -0.28767 28 54 18 51
-0.37603 -0.17288 25 51
0.20969 -0.38001 34 40 60 51 46 66 56
0.22871 0.02659 59 29 75 24 3 48
0.31941 -0.17999 60 64 61 29 18
-0.10609 0.26361 31 14 47 75 4
-0.17370 -0.31299 46 53 17 37 11
-0.40196 -0.03651 54 6 49 11
0.07217 0.42978 8 10 21 59 49 74 36
-0.19448 0.01705 49 35 6 10 20 73
0.48941 -0.27254 18 56 23
-0.12157 0.09461 18 49 29 20 54 75 71
0.09657 0.18750 59 47 20 46 70 12
-0.02757 0.25048 65 67 73 19 26 47
-0.30084 -0.55240 40 22 77 11 27 9
-0.23620 -0.43701 76 26 9 22
0.42466 0.20281 23 1 4 47 8
-0.11377 -0.10845 61 57 51 44 27
