30
-0.19882 -0.41809 24 15 7 29
-0.19937 -0.13320 6 20 14 25 2
0.06990 -0.05220 11 15 3 9 4 6 1 28
-0.05197 0.07941 24 6 2 21 22
0.13098 0.35310 16 21 22 17 2
0.53294 -0.12851 26 28 17
0.14825 -0.13056 28 26 15 8 3 1 18 2 25
-0.08240 -0.52154 24 0 15 11 13
0.11885 0.11807 6 12 23 15
-0.23634 0.18490 25 2 19 12
-0.18369 0.81444 27 21 16
0.14168 -0.41482 18 2 28 7 14
-0.13389 0.07976 29 17 8 24 23 9
0.12001 -0.56533 18 7 26 14
-0.08499 -0.30335 19 11 26 1 13
0.08978 -0.23974 6 2 29 18 0 7 22 8
-0.00078 0.64648 4 27 10 25
0.22640 0.04221 29 4 12 26 25 5
0.28150 -0.47438 11 15 13 6
-0.36988 0.09026 21 9 14
-0.55250 -0.28648 1 24
-0.19342 0.43560 4 19 3 23 10
0.28042 0.14353 3 4 15
-0.05059 0.35858 25 21 8 12
-0.30273 -0.24152 7 0 3 12 20
0.01825 0.15749 23 9 26 29 1 6 17 16
0.23935 -0.20982 6 5 25 17 14 13
-0.08181 1.00000 16 10
0.37961 -0.26315 6 11 5 2
-0.05478 -0.12113 17 15 12 25 0
