80
-0.23391 0.21261 14 3
-0.03103 -0.00919 37 72 22 43 23 57
-0.91073 0.48860 
-0.27199 0.14560 26 25 74 0
-0.06992 0.20585 32 64 55 14
0.03940 0.24126 21 22 56 40
0.00745 -0.32291 48
0.45547 0.84896 
0.17886 -0.18191 39
0.04298 0.13008 41 55
0.82448 0.15946 
-0.27984 -0.10070 27 75
0.10398 -0.06702 77 51
0.60205 -0.77199 
-0.14047 0.22088 0 44 17 4 24 56
0.03341 0.04055 77 78 43 64 55 22
-0.20693 -0.27968 34
-0.24022 0.26147 26 14
0.15472 0.30131 21 49
-0.04304 -0.30081 42 67
0.01528 0.24381 64
0.13782 0.24410 5 29 18 23
0.04778 0.09765 77 47 58 5 1 15
0.06971 0.12022 21 1
-0.09580 0.06235 46 37 14 63
-0.26726 0.03198 30 53 3
-0.30610 0.22631 3 17
-0.24634 -0.08021 11 30
-0.05648 0.39698 40 44
0.22627 0.32511 21 52
-0.14939 -0.05768 27 25 51 33 63 72 36
-0.15588 0.02989 75 55
-0.11241 0.28538 4
-0.22402 -0.11389 30
-0.15372 -0.20155 57 16 72
0.08528 -0.31655 70
-0.05086 0.00198 47 50 30
-0.11858 0.01856 63 1 24 71
0.09667 -0.00809 46 76 50
0.10879 -0.11766 70 8 78 50
0.00897 0.35007 28 5
0.14752 0.10593 76 9
-0.01794 -0.17318 19 46 43
-0.00911 -0.08277 57 15 69 42 1
-0.11810 0.33782 14 28
-0.70570 0.74229 
-0.00889 -0.04420 38 42 24
-0.00975 0.06497 22 36
-0.04485 -0.24572 57 6
0.10055 0.25201 68 64 18
0.05178 0.01333 64 39 38 36
-0.00144 -0.10569 54 30 12
0.28705 0.38464 29
-0.36164 0.03222 25
0.07003 -0.17153 51
-0.06964 0.11001 74 15 4 9 31
-0.05514 0.26848 5 14
-0.08803 -0.12887 43 34 48 75 1
0.13151 0.14393 22
1.00000 -0.12894 
0.75215 -0.65428 
0.05997 -0.88052 
-0.03331 -0.15836 70 63
-0.09450 -0.04818 37 30 62 24
0.03370 0.16080 20 68 15 4 50 49
-0.19862 -0.18238 72
-0.06844 -0.95861 
-0.05979 -0.39140 19
0.06473 0.25166 64 49
0.02963 -0.15589 43
0.06158 -0.22092 35 39 62
-0.19127 0.07376 74 37
-0.12978 -0.11523 1 65 30 34
0.36767 -0.85530 
-0.18522 0.12973 55 71 3
-0.18811 -0.07193 31 11 57
0.17608 0.04227 38 41
0.09686 0.02530 22 15 12
0.12309 -0.04683 15 79 39
0.21095 -0.07964 78
