100
0.02089 -0.16241 55
0.09386 0.26604 34 62
0.08384 0.14065 96 14
0.04574 -0.11621 19 15 59 52
-0.34855 0.10065 92
0.30460 -0.08540 15 50
0.01329 -0.18720 87 80 52 8 56
-0.36793 0.07296 92
0.11388 -0.19135 86 6
-0.21727 -0.26201 78
0.00149 0.06264 18 61
0.05983 -0.07738 61 70 74 82
-0.12657 0.41788 98
0.16136 -0.15543 75 15 33
0.05327 0.12598 2 90
0.18423 -0.10662 5 3 82 13
0.93078 0.36363 81
-0.05539 0.88687 
-0.08691 0.12508 99 71 10 58
-0.02656 -0.00338 46 3 73 36 48
-0.02609 0.38071 62 98
0.29115 0.07103 54
-0.04703 -0.18733 78 56 87 23 25 48
0.04693 -0.14381 80 22 74
-0.23545 -0.05358 92 46 56 45 65
-0.08890 -0.27125 22
-0.28832 -0.01969 66 92
-0.60343 0.82528 
-0.33201 0.03968 94 46
-0.02355 -0.32045 59
-0.71523 -0.55748 
0.06354 0.15715 96
-0.76815 0.65031 
0.07445 -0.24131 63 13
0.10046 0.14649 72 77 1 90
0.45880 -0.80339 
-0.02847 0.08675 42 99 19
0.81166 -0.22417 53
0.15326 -0.18100 80
-0.26274 -0.13420 45 76
-0.19404 -0.28203 78
0.08763 -0.18284 44 48 64
0.01617 0.12852 36 96
1.00000 -0.15098 
0.13984 -0.26441 41
-0.28439 -0.05992 39 24 69
-0.20835 0.01480 92 24 19 97 28 66
-0.88797 0.42034 
0.02716 -0.08257 70 82 96 41 22 19
-0.21621 0.14460 69 58
0.38811 -0.07288 5
0.64307 0.71275 
0.00296 -0.16601 3 6
0.84120 -0.24356 37
0.21223 0.03159 73 75 21 67
-0.00743 -0.07636 56 90 0 64
-0.10116 -0.11976 55 22 24 57 6
-0.17499 -0.09117 89 56
-0.14133 0.22426 98 18 49
-0.00777 -0.22723 29 3 68
0.17934 0.11182 73
0.09933 -0.01749 75 96 10 11 86
0.05089 0.35225 20 1
-0.04328 -0.25416 33 78
0.06267 -0.13607 80 55 41
-0.32728 -0.06914 24
-0.20601 -0.05206 71 89 26 78 46 69
0.20118 -0.02000 74 54
-0.06840 -0.20739 59 70
-0.25066 0.02931 49 45 66
-0.05082 -0.12696 76 48 11 68
-0.15722 0.04747 18 66
0.16890 0.20364 34
0.11293 0.05160 54 19 60
0.12094 -0.07511 67 82 11 23
0.18017 -0.04910 13 54 61
-0.16965 -0.14848 70 39
0.07399 0.03518 34 99 80
-0.14951 -0.20088 9 22 63 66 40
-0.09931 0.06757 93 90
0.08424 -0.10809 64 23 6 77 38
0.93030 0.39721 16
0.13452 -0.08969 85 48 86 15 74 11
0.62203 -0.80860 
-0.87168 0.32145 
0.22782 -0.09640 82
0.16482 -0.11682 82 8 88 61
-0.01340 -0.28063 95 22 6
0.24991 -0.15946 86
-0.20759 -0.02430 57 66 93
0.01556 0.05677 55 79 34 14
-0.37161 0.93067 
-0.28725 0.03474 24 46 4 26 7 93
-0.20265 0.04881 79 92 89
-0.42195 0.05513 28
-0.01302 -0.37615 87
0.05905 0.05890 61 48 42 2 31
-0.26972 0.07700 46
-0.10576 0.34176 58 12 20
-0.00530 0.10378 18 36 77
