50
0.08588 0.14651 40 11 36 8 28 32 30
0.04760 -0.43416 44 30 46
-0.03376 -0.18111 15 38 29 31 18
-0.29240 0.58272 28 12 21
-0.04622 0.11381 28 47 42 15 39 6 19 11 48
-0.19076 0.11394 39 17 33 42
0.06020 -0.10447 4 37 15 7
-0.11208 -0.32293 18 48 6
0.23882 0.08908 11 25 15 0 39 35
-0.22955 -0.35027 17 19 31
0.62117 0.40731 36
0.21663 0.33411 0 8 36 39 4
-0.43120 0.42301 33 3 21 14
0.16624 -0.52618 34 27 25 18
-0.06715 0.28644 36 40 16 15 12
-0.10530 -0.01830 2 4 38 8 14 19 6 21
-0.11556 0.46307 21 14 29 39
-0.23100 -0.09197 9 44 21 5
0.15669 -0.22680 25 7 40 2 13 29
-0.15836 -0.17573 9 4 22 36 15 26 27
0.40457 0.45066 37 49
-0.31315 0.27771 41 17 16 12 49 3 15 47
0.08994 0.01118 40 39 19 37 42 44 47
-1.00000 -0.15804 41
0.56165 -0.28143 42 25
0.33141 -0.27468 44 18 24 8 40 13 31
-0.49258 -0.49584 19
-0.31175 -0.43941 41 13 19
0.05083 0.39415 3 4 36 0 35 29
0.06192 0.21500 43 2 49 16 47 18 39 28
0.30659 -0.13835 42 36 45 1 0
0.09854 -0.18156 37 35 2 42 44 9 46 25
-0.37312 0.10049 48 41 0 47
-0.51491 0.11967 46 12 5
0.49431 -0.44702 37 13
0.31165 0.20567 36 31 28 8
0.21798 0.18000 35 0 28 30 42 14 11 19 10
0.39386 -0.01761 34 20 31 43 6 22 45
-0.14851 -0.43181 2 15
0.10608 0.28336 5 22 4 11 8 43 16 29
0.26995 -0.00405 0 22 45 25 14 18
-0.61480 -0.08669 21 23 27 32
0.19850 -0.05540 24 30 4 36 22 31 5
0.43245 0.19550 45 37 29 39
0.16864 -0.28607 25 1 45 17 31 22
0.49294 -0.09493 43 44 30 40 37
-0.29621 -0.23456 33 48 31 1
-0.18419 0.23393 4 29 32 22 21
-0.36496 -0.10412 32 7 46 4
0.04249 0.53618 20 21 29
