90
-0.15006 -0.02092 5 46
0.00473 0.01992 69 28 2 89 85
-0.06242 0.11696 26 47 4 1 11 60 57
0.52519 0.86696 83
-0.04706 -0.01698 24 35 41 2
-0.03813 -0.08438 0 20 76 16 21 33
0.20757 -0.04602 22 55 79
0.02632 0.35005 64 27 15 60
-0.18675 -0.05381 18 47 30 80 37 10
-0.63662 0.44078 43
-0.19083 -0.12459 75 89 8
-0.17346 0.13546 34 2 46
0.02419 -0.10686 68 16 67 76 35
0.06770 -0.06616 36 62 24 33
-0.35426 0.26138 34 72
0.02353 0.47482 17 7
0.05473 -0.12166 81 12 5 61 62 49 79 38
0.02565 0.56330 15
-0.18803 0.06203 8 26
0.06921 0.05358 86 67 26 81 53
-0.05545 -0.13684 21 5 50 40
-0.13062 -0.11518 20 33 73 5
0.19664 -0.15630 6 68 66
-0.11343 -0.03368 46 41 71
0.00740 -0.00116 63 4 69 67 13
0.16535 -0.27235 42 44 77
-0.08583 0.11703 54 2 19 39 34 28 18
0.04795 0.20211 45 58 7
0.02544 0.10061 1 45 26 86
0.19909 -0.11461 78 81
-0.14125 -0.06052 35 33 8 40 87
0.15209 -0.45760 48
0.08721 -0.27615 44
-0.07703 -0.08373 44 21 51 30 5 13
-0.21789 0.17021 87 14 11 26
-0.07262 -0.11239 38 4 30 12
0.14900 -0.01033 13 85
-0.08761 -0.17965 68 8
-0.02578 -0.18748 35 84 61 16 74
-0.12393 0.21876 26
-0.11157 -0.13891 49 20 30
-0.00670 -0.12590 44 23 4 49 78 84 59
0.21468 -0.25212 25 62
-0.56731 0.39611 72 9
0.04910 -0.16522 33 41 32 89 25 85
0.03164 0.00373 27 59 50 28 49 74
-0.19919 0.03585 23 51 0 11
-0.16364 0.06784 8 2
0.11685 -0.35984 31 68
-0.01540 -0.09126 40 41 16 45
0.05960 -0.07973 53 20 45
-0.22760 -0.02951 70 46 33
0.03288 -0.19297 61 69 56
0.16401 -0.05187 50 88 78 66 19
-0.09295 0.01739 26 79 73
0.29915 -0.04491 88 6
-0.00869 -0.19558 61 59 52 89
0.03481 0.11848 79 2
0.08852 0.29121 27
0.03701 -0.13808 45 56 41 68
-0.02746 0.25864 2 7
0.02126 -0.22833 56 52 16 38
0.14160 -0.16900 13 42 16
-0.03147 0.07638 24 71
0.05084 0.43644 7
0.19485 0.22557 86
0.25807 -0.11032 53 22
-0.02432 0.01710 19 87 12 24
0.06793 -0.21703 22 12 48 37 59
0.02613 -0.06815 24 1 52
-0.33953 -0.01949 51
-0.07438 0.01734 89 63 23
-0.47140 0.33592 43 14
-0.21059 -0.07467 80 75 54 21
-0.01801 -0.11366 45 38
-0.27271 -0.13864 10 73
0.10422 -0.09121 5 88 12
0.23941 -0.35100 25
0.12872 -0.12383 29 41 53
0.06597 0.00322 54 6 57 16
-0.27967 -0.07960 73 8
0.13453 -0.04831 16 19 29
1.00000 -0.49854 
0.48838 0.80899 3
-0.04877 -0.23740 38 41
0.09029 -0.04657 44 36 1
0.12074 0.15222 19 65 28
-0.14286 0.06283 34 67 30
0.22905 -0.06642 55 53 76
-0.05594 -0.09181 71 10 44 1 56
