40
-0.01127 -0.11187 11 2 12 17
0.19570 0.01994 39 24 5
0.03747 -0.04336 24 9 25 4 0 29 27 34
0.09320 0.18688 37 15 26
0.14561 -0.07621 25 2 35 29
0.08248 -0.02335 8 17 25 16 6 28 31 15 1
-0.02878 -0.07636 25 5 19 14 20
-0.00336 0.07791 31 11 22
0.17498 -0.11784 5 28 25
0.01053 0.00881 14 2 17 30 29 35
0.14050 -0.01742 28 29 11
0.03449 0.02415 0 19 10 7 23 36
0.00552 -0.16084 28 22 16 0 18
-0.10887 0.11643 17 21 14
-0.04882 0.02920 17 9 26 24 13 27 6
0.00589 0.10891 30 3 22 23 5
0.02538 -0.05993 24 12 5 17 36 19 27 39
-0.03737 -0.01283 14 13 5 9 16 0
0.07390 -0.24090 28 12
0.00347 -0.08821 11 24 6 28 16 20
-0.12509 -0.10585 38 6 19 22
-0.04286 0.21230 33 13 29
-0.07802 -0.02502 34 12 15 7 27 20
0.03211 0.17229 11 15
0.06847 0.00932 28 2 36 16 1 14 37 34 19 31 26 35
0.09689 -0.04602 4 6 5 26 2 8 31
0.04078 0.07871 34 25 14 3 24
-0.07513 -0.06168 14 2 16 22 34
0.10018 -0.11414 35 24 10 8 12 5 18 39 19
0.07765 0.06299 10 2 9 4 21
-0.07348 0.09056 34 36 15 9
0.12520 0.04155 7 24 5 39 25
-1.00000 -0.24528 
-0.09107 0.33880 21
-0.07077 0.00979 30 26 22 24 38 2 36 27
0.11882 -0.06957 28 4 9 24
-0.02206 0.04210 30 24 11 16 34
0.15851 0.14584 3 24
-0.19890 -0.05498 20 34
0.16814 -0.02481 1 28 31 16
