80
0.24705 -0.02010 63 25 5 36
0.09249 0.13038 50 46 56 62 42
0.16044 -0.58767 55
-0.98200 -0.04724 
0.08732 -0.09441 19 41 18 36
0.17561 -0.05468 23 0
-0.00075 0.01985 9 18 24
-0.05905 -0.13752 22
0.03134 -0.45117 34 49 55
0.01237 0.07521 74 6 40 30 23
0.18444 0.31651 48 66
0.27939 0.30164 48
-0.32886 0.21646 69
0.03644 -0.12717 31 65 19
-0.19657 0.32372 64 57
-0.08800 0.09398 33 31 40
0.14344 0.09347 65 30 48
0.37112 0.04703 25
-0.03086 -0.07182 76 23 56 6 60 4
0.04516 -0.24303 29 45 71 68 4 13
0.15209 -0.11718 65
0.03279 0.17071 78 66 70
-0.01118 -0.05704 78 65 7 39
0.05963 -0.02651 5 18 9
0.06497 0.10333 74 36 67 6
0.27006 0.04598 63 62 0 41 17
0.11834 0.31229 35 77 66 70
0.93566 -0.45337 
-0.07283 0.26303 42
-0.00318 -0.36946 19 47
0.06304 0.06188 16 39 9 58
-0.00337 -0.01433 13 65 50 15
0.11988 0.26097 48 42
-0.18425 0.10262 15
0.06229 -0.51068 8
0.03442 0.29444 26 40
0.14488 -0.00586 24 0 4
-0.34418 -0.16725 79
-0.06218 0.34167 42 43
0.05092 -0.07370 45 22 30
-0.02984 0.19658 15 57 70 52 35 9
0.15857 0.03876 70 25 4
0.01671 0.21961 38 70 32 28 1 56
-0.11453 0.42797 38
-0.82192 -0.57282 
0.06274 -0.18438 19 39
0.19164 0.11639 1
-0.04051 -0.45736 29
0.19982 0.23591 32 10 11 16
-0.06202 -0.35022 60 8
0.03836 0.05715 1 31 74
-0.94605 0.36335 
-0.06243 0.28710 40
0.03240 0.35811 67
-0.96575 -0.35441 
0.11116 -0.52473 2 8
-0.00416 0.08365 1 18 42
-0.13445 0.24667 40 64 58 69 14
0.00317 0.18608 57 59 30
0.09112 0.23230 58
-0.11971 -0.21539 49 79 18
0.26053 -1.00000 
0.18885 0.13309 25 1 70
0.32315 -0.00772 25 0
-0.21370 0.30058 14 57
0.08358 -0.04125 16 31 22 20 13
0.10381 0.28021 26 10 21
0.04238 0.24755 24 53
0.07379 -0.32778 19
-0.25081 0.24147 12 57
0.09694 0.17968 42 41 40 26 21 62
0.02909 -0.32538 19
-0.39718 -0.93354 
0.83797 0.64441 
0.01723 0.10854 24 9 50
-0.15250 0.02925 78
-0.11329 -0.12259 18
0.16437 0.40662 26
-0.05590 0.05207 22 21 75
-0.25098 -0.20049 37 60
