50
-0.09442 0.00501 34 45 5
-0.29204 -0.04417 30 14 36 44
-0.10899 -0.27215 28 6
-0.43179 0.04572 44
0.08239 -0.02055 45 10 31 17 20 12
-0.14708 -0.04342 0 13 48 31
-0.03803 -0.11413 14 34 38 23 15 22 2
0.23015 0.08966 20 17
0.13900 -0.00278 49 20 42 17 19 34
0.30456 -0.12467 22 40
0.19491 -0.12961 4
0.06840 -0.14041 22 39 38 42 46
0.03167 0.06436 32 26 17 25 4 27
-0.13400 0.07993 47 18 5 26
-0.16560 -0.08922 48 6 25 1
-0.03868 0.06220 23 47 6 32 21
0.13053 0.05658 29 27 46
0.16179 0.03682 24 12 20 7 4 8
-0.06257 0.10289 13 23 41 30 47
0.09952 0.04664 29 42 23 8
0.10938 0.08400 7 32 8 17 47 4
-0.03129 0.16349 45 15
0.15004 -0.12628 11 24 9 6
-0.04080 0.01799 18 15 30 6 19 25
0.19840 -0.01530 17 41 22
-0.07509 0.01641 47 31 14 33 30 12 39 23
-0.12601 0.01165 12 46 44 31 13
0.11991 0.15688 41 16 12
-0.17654 -0.36221 2 43
0.18638 0.07438 42 16 19
-0.17234 0.03500 1 23 18 25
-0.05629 -0.04170 25 4 46 26 5
0.01097 0.15279 12 20 33 15
-0.09628 0.15998 32 25
-0.01359 -0.07043 0 48 6 8
0.03636 -0.19288 39 46
-0.41599 -0.08174 1
0.22772 1.00000 
-0.02474 -0.20674 11 6 48
0.00004 -0.12279 46 35 11 25
0.36204 -0.03841 9 49
0.09995 0.09769 45 24 27 18 49 47
0.10638 -0.02178 29 11 8 46 19 45
-0.17723 -0.28294 28 48
-0.30664 0.02265 26 1 3
0.02045 0.03829 41 0 4 21 46 42
0.01376 -0.06407 48 39 35 45 42 31 26 11 16
-0.01173 0.10446 13 25 20 41 15 18
-0.10043 -0.15196 14 46 34 43 38 5
0.25350 0.03490 8 41 40
