70
0.00783 -0.09045 30 56 67 54 17
-0.09788 -0.12874 59 29
-0.08723 0.07389 34 6 13 24 31 29
-0.21836 0.15001 6 27 63 47
0.25813 0.08321 35 41 5
0.15538 0.02774 57 4 64 34
-0.18408 0.03272 2 33 3 43 42 69 7
-0.10839 -0.00531 56 34 29 38 6
0.00661 0.09547 32 29 65 24 16 35 27
0.10807 0.15539 46 35 57
0.10764 0.00569 53 30 40 46
0.25187 -0.10143 18 40 14
-0.03787 -0.14948 66 26 64 59
-0.14871 -0.04555 29 2 26
0.36336 -0.06504 11 41
0.22963 0.07969 62 41
0.04681 -0.00335 45 29 17 30 8
0.02709 -0.08510 52 16 34 0
0.17081 -0.08645 11 50 32
0.62075 -1.00000 
0.12832 -0.01645 45 36 34
-0.21735 -0.16218 28
0.02843 0.08524 55 46 50 31
0.05052 -0.14481 56 40 45
-0.08055 0.15246 46 31 27 63 2 8 51 68
-0.03476 0.02083 34 68 32 30
-0.14757 -0.14306 12 54 13 43
-0.12220 0.10388 44 42 24 3 8 66
-0.11294 -0.05399 55 66 42 45 21 30 52
-0.05214 0.00605 1 13 30 16 68 8 58 32 7 67 69 2
-0.00782 -0.01956 10 29 0 16 44 67 28 25
0.01280 0.15568 24 62 2 35 22
0.03299 -0.03776 40 66 8 56 29 18 39 25
-0.19990 -0.05207 56 6 61
0.03198 0.01295 2 25 62 53 17 7 56 20 50 5
0.12848 0.12037 4 9 8 67 31
0.03520 -0.01629 50 62 59 20 66 69
0.01237 0.02290 60 48 64 55 62 50
-0.17163 -0.00648 56 7 68
-0.00828 -0.09808 54 32 46
0.10282 -0.07136 23 32 11 10 46 56
0.33748 0.03261 4 15 14
-0.18298 0.06518 27 55 28 6 47
-0.20010 -0.07964 6 61 26 52
-0.08954 0.05065 27 30 52
0.04112 -0.05831 16 20 28 56 53 23
0.01886 0.04417 62 58 24 22 52 9 40 10 49 57 39 66
-0.15883 0.15098 58 42 48 3
-0.04941 0.10711 54 37 62 65 51 47
-0.00623 0.04441 59 57 46
0.09880 -0.01383 36 18 22 37 34
-0.09777 0.22762 48 24
-0.08524 -0.04174 17 46 44 43 28
0.10206 0.06299 10 34 65 45
-0.07953 -0.07215 48 39 26 0
-0.09269 0.03642 28 61 22 42 37 60
-0.04824 -0.05610 23 33 7 61 32 0 38 34 40 45 69
0.06443 0.10095 49 60 5 46 9 69
-0.06366 0.11584 46 47 29 62 68
-0.03643 -0.08965 49 1 36 12
-0.00987 0.10270 37 62 57 55
-0.16871 -0.02706 55 56 43 33 68
0.05684 0.08522 46 60 34 48 36 15 31 37 58
-0.19192 0.23149 24 3
0.08244 -0.08794 12 37 5
0.04395 0.17159 48 53 8
-0.04874 -0.02457 12 28 32 36 27 46
0.06754 0.01728 30 35 29 0
-0.13078 0.06260 29 25 38 58 61 24
-0.05305 0.03998 6 29 36 57 56
