90
-0.00018 -0.01232 16 17 60
0.01603 -0.16196 83 82 57 7 64 85
-0.13619 -0.05381 25 14 4 16 42 67
0.26744 -0.08370 61 74
-0.07810 -0.02249 22 53 55 43 31 2 15
0.23689 0.13063 32 18 12
0.13875 0.26661 44 30 86
0.10390 -0.21096 46 1 75 61
0.00085 0.10669 11 85 89 77 58
-0.07972 -0.13355 65 52 67 83
-0.05092 -0.14733 48 49 53 31 75 83
-0.10308 0.02310 8 22 39 26 36 16
0.10728 0.07784 21 55 59 44 71 5 34
0.04766 -0.01661 40 16 28
-0.15512 -0.11094 83 63 85 25 2
0.02082 0.07873 44 54 49 4
-0.04033 -0.06886 79 48 0 2 13 11
-0.00971 -0.12431 0 57
0.33628 0.13356 88 5
-0.07064 -0.11655 36 48 75 66 49
0.00323 0.24379 30 23
-0.05795 0.05914 50 12 77 68 73 39 67
-0.01612 0.05427 4 11 54 40 71
-0.02642 0.10700 37 20 49 54 35 45 80
0.07061 0.40729 30
-0.22799 -0.09959 2 14
-0.20969 0.01577 72 43 11
0.03529 0.07381 45 55 35 81 85
0.09734 0.08669 45 32 13 73
-0.32847 -0.17984 63
0.05816 0.30179 20 54 24 6
-0.12396 -0.13836 52 4 10
0.17245 0.15807 5 28 58 81
0.09785 -1.00000 
0.18188 0.08787 71 12
-0.01368 0.17112 78 27 23
-0.15675 -0.05908 19 43 11 41
-0.14770 0.07527 23 84 62 66 50
0.01360 0.04198 73 42
-0.13184 0.04078 67 42 21 11
-0.02564 -0.05715 43 65 13 22 80 57
-0.11896 -0.09143 56 52 43 36
-0.06523 0.02682 49 39 38 2 45
-0.14618 -0.02072 40 4 68 41 36 26
0.14050 0.13888 15 6 12 74
0.01815 0.10567 27 77 28 60 78 23 71 42
0.07123 -0.15074 7 79 49
-0.00970 0.01052 67 77 48 70 62
-0.00647 -0.09516 10 16 64 80 19 55 47
-0.00522 -0.03512 42 69 10 23 19 46 80 15
-0.15020 0.12802 21 37
0.09148 -0.04954 80 69 65
-0.15852 -0.15923 31 9 41 66
-0.10669 -0.10265 67 4 10
0.01604 0.17634 15 30 22 23
-0.01832 0.01161 4 12 77 27 48 67
0.01060 -0.05688 71 41
-0.01565 -0.17291 1 17 75 40
0.10737 0.21613 86 32 8
0.19178 0.05155 88 81 12 73
0.08199 0.06464 89 45 81 0 87
0.22363 -0.18273 3 7
-0.06274 0.10594 37 69 76 47
-0.23483 -0.12381 14 29 67
0.03096 -0.21084 48 1
0.04699 -0.08273 9 40 87 73 51
-0.15450 -0.08290 83 37 19 52
-0.11714 -0.02867 39 47 53 77 55 9 21 63 72 2
-0.17237 0.05673 43 21
0.04067 0.02684 70 49 51 62
0.10251 0.02467 69 81 47
0.09966 0.04562 56 74 81 12 22 34 45
-0.23757 -0.01807 26 67
0.06984 -0.00134 38 59 21 65 82 85 28
0.21172 0.03043 71 3 44
-0.00382 -0.21212 19 10 57 7
-0.09714 0.21320 62 78
-0.04571 0.05366 45 47 55 67 21 8
-0.03989 0.20932 35 45 76
0.03492 -0.16403 16 46
0.02299 -0.01761 51 48 40 49 23
0.13794 0.08528 59 71 70 60 27 32
0.10070 -0.11671 1 73
-0.09935 -0.16996 1 14 66 10 9
-0.24684 0.13574 37
-0.02426 -0.03060 14 8 1 27 73
0.15802 0.30734 58 6
0.13215 -0.03024 65 60
0.30790 0.08101 59 18
0.07143 0.15638 60 8
