80
0.18790 -0.04146 1 71 36
0.14806 0.08338 0 11 78 48 19 34 25 10
0.19350 0.02169 30 48
-0.10374 -0.04924 6 21 57 18 13 70 31
0.07099 -0.22500 33 62 36
-0.03832 0.16517 50 52 14 42 48 10
-0.09402 0.07752 3 69 61 76 13
0.00157 0.10382 26 69 68 18 77 19 48
0.98731 1.00000 
-0.09913 -0.25810 49 33 56
0.01974 0.04125 79 55 21 27 45 36 1 5 18
0.30235 0.06486 1 20
-0.04286 -0.19155 36 41 30 31 75 33
-0.14072 -0.03251 70 75 18 32 72 69 6 3
0.00997 0.08767 17 23 34 5 21
0.13278 -0.21288 65 64 22
-0.17136 -0.01295 63 43 56 76 70
-0.02878 -0.00317 14 63 49 39 43 21
-0.09460 0.02233 60 13 7 63 3 77 10
0.03310 0.15964 40 1 78 7
0.25791 -0.02873 71 11
0.00640 -0.01284 44 61 3 71 10 17 31 45 69 14
0.12959 -0.06140 67 43 28 15
-0.13598 0.01515 60 14 32 70
-0.03667 0.10897 77 43 35 39
0.11256 -0.09266 71 65 26 33 1 44
0.12373 0.01244 7 55 25 36
0.11041 0.11668 34 10 69 39
0.15483 -0.13608 51 46 22
-0.21103 -0.23833 56 59 41
0.07715 -0.12662 33 2 67 12 57
-0.06579 -0.12900 65 21 75 70 3 12
-0.08723 -0.07006 71 60 13 57 23 40 64 72
-0.02028 -0.18335 62 30 4 9 59 56 49 63 65 25 12
0.15181 0.16970 27 14 1
-0.08384 0.14010 78 69 24 60 79
0.08140 -0.09321 12 55 0 10 26 4
-0.14102 -0.11875 50 62
-0.01940 0.28353 68 78 53 52
0.07666 0.10331 17 78 24 67 27
-0.10819 0.05441 19 77 72 32
-0.18268 -0.14722 79 12 29 57
-0.18222 0.11537 58 79 43 5
-0.05223 0.04303 16 24 17 42 22
0.09057 -0.06674 21 62 71 73 25 55
-0.00592 -0.07955 21 10 49
0.06509 -0.16212 28 77 62 65
0.06305 0.29682 61 52
0.09852 0.15027 1 53 2 5 7
-0.07327 -0.15055 9 17 33 45
-0.07693 0.01565 5 37 68 60 65
0.02871 -0.03889 70 61 28 73
-0.00304 0.32671 5 47 38
-0.00215 0.16486 76 69 48 55 38
-0.16105 0.36022 68
0.08305 0.02798 71 10 36 26 53 44
-0.10229 -0.14233 77 29 33 71 16 9
-0.08575 -0.17362 32 3 59 30 41
-0.27933 0.02365 42 70
-0.13664 -0.23430 33 70 57 74 29
-0.16456 0.05808 23 18 32 50 35
0.02699 0.12630 51 21 6 47
-0.00298 -0.13848 33 44 74 37 69 46 4 77
-0.11748 -0.07980 17 16 33 18
0.02274 -0.22794 15 32
0.02675 -0.19002 31 25 33 66 15 74 50 46
0.07862 -0.35081 65
0.17082 -0.00805 30 22 39
-0.09223 0.21861 7 54 50 38
-0.00413 0.03529 6 73 53 35 7 62 27 13 21 71
-0.15907 -0.08034 51 13 75 59 58 72 23 3 16 31
0.06536 -0.05372 20 0 32 56 25 55 21 44 69
-0.21197 -0.03181 13 70 40 32
0.10905 -0.01582 69 44 51
-0.03984 -0.27862 62 59 65
-0.15605 -0.16674 13 70 31 12
-0.14805 0.12806 53 6 16 79
-0.03733 -0.03253 56 40 24 46 18 7 62
0.05124 0.20548 35 1 39 38 19
-0.15015 0.03989 41 10 42 76 35
