60
0.06631 0.20567 42 59 58 4 15
-0.04285 0.22869 21 2 58 52
0.07243 0.32138 1 42
-0.13816 -0.22552 26 34 19
-0.00363 0.06318 0 46 31 54 48 19
-0.09617 -0.10757 15 56 18
0.12151 0.01474 19 58 25 14
0.00594 -0.13164 47 37 17 26 53 25 19 51 57
0.05501 -0.15681 21 13 56 57
-0.09359 -0.45887 26
-0.13039 -0.05656 47 19 30
-0.26398 -0.00120 39 37 49
-0.12644 0.13319 54 21 30
0.19358 -0.21194 25 8
0.23137 0.02931 17 41 6 48 23
-0.05936 0.05606 49 36 5 18 21 0 37 33 40
0.02715 0.12705 54 41 29 58
0.14707 0.02912 14 7 32 25 33 42
-0.16922 -0.03210 54 15 34 47 5 39
-0.02758 -0.07337 37 6 10 3 7 36 4
0.16638 -0.17017 36 45
-0.02577 0.04397 8 1 47 12 15 44
-0.18480 0.04907 54 47 37
0.31387 -0.04722 25 14
-0.07032 0.09267 30 29 49
0.18004 -0.09066 13 7 6 23 44 17 28
-0.07505 -0.30598 3 43 7 9
0.27635 0.34900 42
0.32926 -0.16002 25
0.01674 0.00435 36 24 16 51
-0.11985 0.00443 54 24 10 12 43
-0.10430 -0.07003 35 37 51 4 44 39
0.13353 -0.07508 45 17 33 36
0.03977 0.02528 32 49 15 17
-0.16978 -0.15224 57 3 53 18 49
-0.13698 -0.15525 53 31 47
0.06755 -0.04840 20 15 29 48 32 19 47
-0.12871 -0.02091 19 7 31 46 11 15 22
-0.37369 0.27260 52
-0.26061 -0.06703 11 18 31
-0.14145 0.21253 15
0.10527 0.06908 14 16 47
0.17685 0.23373 0 2 27 17
-0.10163 -0.19038 26 56 30
0.00175 -0.03729 31 25 46 21 51
0.09893 -0.20440 32 20 56 51
-0.13037 0.09485 37 4 52 44
-0.05420 -0.02998 7 10 21 22 41 18 36 35
0.16160 0.01325 36 14 4
-0.14156 0.01425 15 11 24 33 34
0.84515 1.00000 
-0.01776 -0.14562 53 31 45 7 29 44
-0.22180 0.23304 38 46 1
-0.11000 -0.24959 35 51 55 7 34
-0.10539 0.08593 22 30 16 12 18 4
-0.18859 -0.38915 53
-0.00285 -0.22593 5 43 45 8
-0.04780 -0.22291 34 7 8
0.07890 0.17103 1 6 0 16
0.15233 0.33639 0
