60
-0.30068 -0.21682 23 54 42 33 8 19 56
-0.49995 -0.26216 34 2 31
-0.35605 -0.16094 55 52 19 33 10 13 43 29 12 1 34
-0.86112 0.10264 9 55
0.88498 0.40617 59 28 17
0.40089 -0.06550 8 50 21 36 6 43
0.31095 -0.21109 49 22 51 5 57
-0.05268 -0.43852 34 45 15 12 8 13 29 23
-0.03538 -0.19357 25 5 13 7 18 15 55 49 0
-0.77589 0.23950 3 33 42
-0.74730 0.06373 2 39
-0.22910 0.51046 42 27 49
-0.01414 -0.00484 21 34 20 17 7 39 2
-0.18430 -0.27152 19 33 57 8 2 7 45
-0.18555 -0.61938 55 51
-0.34024 -0.36907 7 49 16 8 33
-0.08744 -0.32376 51 15 45 56 43 25 31
0.42194 0.34126 44 50 12 43 4
0.23146 0.12391 28 8 42 48 25
-0.20973 0.13273 26 53 13 35 2 20 0 31
0.32907 0.21663 59 48 35 12 19 47 46
0.23754 -0.08351 55 12 57 51 26 5 59
0.18301 0.25016 42 46 24 6 37
0.18711 -0.29468 0 36 47 43 7
0.06549 -0.15915 22 26 34
0.04719 -0.04293 8 16 18 37
-0.04674 0.12722 19 24 48 21 43 58
-0.02467 0.67326 43 11
0.71991 0.16451 4 48 18
0.11540 -0.48871 2 7 36
-0.39003 0.70607 31
-0.13691 0.17522 30 42 36 49 44 53 16 19 1
0.29352 0.96277 44
-0.60040 -0.13229 13 2 58 0 9 15
-0.22272 -0.45380 1 7 12 40 24 2
-0.03816 0.42233 20 19 39 43
0.50010 -0.15409 31 38 23 41 48 5 29
-0.13790 0.31697 39 55 22 25
0.90037 0.10141 36 59 50
-0.40075 0.30339 12 37 35 10
-0.14972 -0.88497 56 51 34
1.00000 -0.35371 36
-0.26872 0.24236 22 31 11 0 18 9
0.05988 0.11884 54 27 26 16 35 2 17 50 23 5
0.14853 0.44321 17 55 31 32 48
0.14655 -0.40262 7 48 16 13
0.55989 0.49535 22 59 20
0.55596 -0.24626 23 57 20
0.35807 0.04440 20 28 45 57 26 36 44 18
-0.09333 -0.03913 6 31 15 8 11 57
0.58155 0.17733 17 5 38 43
0.12796 -0.59914 21 16 40 6 14
-0.80504 -0.28683 54 2
-0.44409 0.47707 19 31
-0.48751 -0.06312 43 52 0 55
-0.26093 -0.01610 21 2 44 14 8 37 54 3
-0.34269 -0.68865 40 16 0
0.26393 -0.27336 13 21 48 47 49 6
-0.58599 0.19072 33 26
0.68461 0.27062 20 4 38 46 21
