30
-0.14078 0.51280 1
-0.09536 0.40207 4 0
0.20332 -0.25237 24 20
0.20875 -0.17874 26 5 24
-0.02884 0.24931 11 1 21 9
0.28988 -0.05586 29 3
-0.01848 -0.17516 24 28 27
0.37393 -0.94948 
0.23330 0.16614 18 29
0.02197 0.08942 18 28 4 17 25
-0.33889 -1.00000 
0.11639 0.34988 4 19
-0.26678 0.13160 21
-0.79732 -0.01875 22
0.31112 0.24546 19 29
-0.21760 -0.14113 27
-0.19123 0.03181 25
0.11111 0.01922 25 29 9 20
0.12723 0.15798 8 9
0.26923 0.37883 14 23 11
0.18392 -0.11582 2 17
-0.13224 0.10726 4 27 25 12
-0.86468 0.00188 13
0.35149 0.47384 19
0.11171 -0.25027 6 2 3
-0.06036 0.03417 17 27 9 21 16
0.09319 -0.16510 3 28
-0.11058 -0.06121 28 25 15 21 6
-0.00284 -0.07537 27 6 26 9
0.25944 0.08760 5 17 14 8
