70
0.13633 0.15541 23 26 24
-0.01464 -0.06181 16 60 67
0.03165 -0.01789 23 42 30 48 59 7
0.04905 -0.27787 65 68 51
0.13406 -0.06178 39 19
0.23041 0.08574 11 9
0.19768 0.04100 58 21 60 39
0.05867 0.02982 62 22 12 31 2 33
0.00546 -0.46041 68
0.15264 0.17743 45 55 5
-0.10037 0.14302 61 34 40
0.19548 -0.02861 61 38 17 5
0.04139 0.10707 31 61 7
-0.13059 0.04657 36 66
0.04151 0.32769 55 41
0.20684 -0.11575 17 30 38
-0.09931 -0.14227 1 54 35 19
0.26118 -0.09560 27 15 11
-0.25656 -0.00899 32 52
-0.01006 -0.09311 62 28 43 56 4 16
-0.65863 0.70075 
0.27915 0.06700 6 22 39
0.21781 0.10589 21 24 46 7 39
0.05366 0.06071 2 0 60 63
0.21917 0.19843 22 0
-0.04005 0.15153 55 61 69 32 53
0.14723 0.09263 0 60 58
0.19661 -0.09540 17 42 39 65
-0.03496 0.02111 59 19 45 47
-0.07490 -0.13361 66
0.09231 -0.02049 2 63 15 69
-0.00964 0.12039 40 12 7
-0.12950 0.02739 18 47 56 40 66 25
0.04776 -0.10054 43 7
-0.19996 0.19133 10 49
-0.10099 -0.24922 16 51
-0.08679 0.04310 40 59 13
-0.98013 0.25839 
0.27648 -0.14865 11 15 64
0.23086 0.00211 21 4 27 22 6
-0.10484 0.10634 36 31 32 10
0.01701 0.25764 69 14
0.12107 -0.07988 2 27 58 65
-0.01989 -0.16862 56 19 33 51
-0.21186 -0.08588 52 62
0.08010 0.09889 9 58 28
0.31303 0.17724 22
-0.16555 0.03323 54 49 32 28 48
-0.10339 -0.01979 66 54 2 47
-0.23670 0.12814 47 34
-1.00000 -0.19167 
-0.02163 -0.24901 68 67 3 43 35
-0.30309 -0.07186 44 18
-0.09226 0.25311 25
-0.16696 -0.06160 48 47 16
0.05700 0.24181 14 9 25
-0.08574 -0.09419 43 67 32 19
0.79522 -0.52326 
0.10131 0.01511 6 66 45 42 26
-0.00662 -0.04084 65 28 36 2 62 66
0.10051 0.03458 1 6 26 23
0.01959 0.04295 11 10 12 67 25
-0.07134 -0.05035 19 44 7 59
0.01572 -0.04526 30 23
0.34303 -0.23398 38
0.09356 -0.15165 3 59 27 42
-0.04987 -0.02480 48 67 58 59 32 29 13
-0.02858 -0.10623 66 56 51 61 1
0.00837 -0.36097 51 3 8
0.02650 0.12832 41 25 30
