90
-0.25868 0.02288 63 44 66 22 64
0.03952 0.02441 17 46 39
0.04857 0.16948 18 19 46 12
-0.09857 -0.07902 59 32 16 30 84
-0.27944 -0.23273 32
-0.09244 -0.04313 69 7 63
-0.16726 0.11875 70 66 63 55
-0.05502 -0.15213 72 47 25 5
-0.06070 -0.51775 76 83
0.25207 0.01371 54
0.88250 0.50873 
0.08033 0.22983 78 19
-0.02218 0.09171 16 2
0.72365 -0.47900 
-0.29357 -0.08915 44 32
-0.06210 0.21781 46 70 78
-0.09388 0.00160 12 3 59
-0.01229 0.00797 1 87 68 60
0.12164 0.24302 2
0.07270 0.13663 48 2 43 84 77 11 69
-0.22659 0.08038 60 70 21 44
-0.32494 0.11190 20
-0.14811 0.04809 55 0 60 71
0.00675 0.37712 79 51 42 74
-0.77365 -0.46790 
-0.06847 -0.24190 7
0.88354 -0.24155 
0.07603 0.06190 55 54
-0.24478 1.00000 
-0.12899 0.30899 70 51
0.00305 -0.12885 3 33
-0.75329 0.81061 
-0.22320 -0.14913 3 4 14
0.09436 -0.09419 82 30
0.00904 0.05461 46 47 48
0.27794 0.22996 77
0.08514 -0.24500 47 80
0.91522 0.08646 
-0.22342 0.13453 86 85
0.07250 -0.05723 53 1 72 54
-0.27762 -0.20429 73
-0.12919 -0.22299 83 60
0.05113 0.45476 23
0.15396 0.17694 19
-0.29036 0.00553 0 14 20 86
0.22536 -0.30911 80 52
-0.01249 0.11611 15 1 87 2 34 85 71
0.02428 -0.11258 7 36 34
0.00196 0.20793 19 51 49 34
-0.01243 0.29309 48
0.15140 -0.45442 75 80
-0.04415 0.33696 29 48 23 65
0.25352 -0.21839 62 88 45
0.17044 -0.06477 39
0.15397 0.00769 9 87 27 39
-0.04666 0.09265 56 22 27 6
0.06762 0.11371 87 55 82 74
-0.30786 -0.12557 73 64
0.02514 -0.68650 76
-0.17170 -0.02299 3 86 16
-0.13774 -0.04475 20 41 22 17
0.83791 0.21093 
0.18949 -0.10153 52 87
-0.18196 0.02590 0 6 5
-0.33487 -0.04743 57 0
-0.05220 0.43517 51
-0.26240 0.10140 6 0
0.02334 -0.73078 89 76
0.03242 0.07668 17
-0.01849 0.03488 5 19
-0.16462 0.21702 29 6 15 81 20
-0.09907 0.10800 46 22
-0.06350 -0.12283 7 73 39
-0.20357 -0.15170 57 72 40
0.05333 0.26278 78 23 56
0.14661 -0.52942 50
-0.00978 -0.63574 8 58 67
0.19487 0.18979 35 19
0.01811 0.26888 11 74 15
-0.08832 0.39929 81 23
0.14884 -0.35017 36 45 50
-0.15791 0.33527 79 70
0.11813 0.00603 56 33
-0.10171 -0.38028 41 8
0.00503 0.00840 19 3
-0.12749 0.15442 46 38
-0.24570 0.04487 59 44 38
0.08915 0.02100 46 56 54 17 62
0.32734 -0.26162 52
0.04545 -0.80066 67
