80
0.02137 1.00000 
-0.05226 -0.38075 31 17
-0.55323 -0.78304 
-0.03284 -0.32844 43 9 42
0.05923 -0.28604 9
-0.20333 -0.03971 32 8 61 68
-0.17144 0.17498 49 38 32
0.11515 0.00235 65 39 74 21
-0.12181 -0.13115 67 5 36 9
0.00630 -0.21103 4 59 44 65 3 14 8
0.06919 0.17978 79 20
0.04889 0.13443 18 20
-0.25459 -0.06910 61
0.02775 0.35423 27 60
0.01266 -0.29004 31 9
0.69081 -0.50843 76
-0.04837 -0.02738 41 20 51 65 77
-0.06235 -0.46082 1 42
0.12239 0.08767 11 47 48
0.27509 0.95782 
-0.04654 0.11841 52 40 11 16 10 35
0.03083 0.03377 23 7
0.47419 -0.49940 53
-0.07146 0.03586 21 55 33 61 49 36
-0.31052 0.18972 35 26
0.06203 -0.13984 28 55 50 70
-0.40992 0.22821 66 24
0.04622 0.24044 13 47
-0.01461 -0.14046 69 25 62
0.59030 -0.52980 76 53
0.85008 -0.46209 
-0.02656 -0.26649 14 44 50 1
-0.16936 0.05395 40 6 5 77 35
-0.11095 0.16857 23 34 64
-0.11599 0.25214 33
-0.18876 0.13708 24 32 20
-0.11227 -0.03785 23 8
-0.16667 0.37394 38
-0.17690 0.29148 6 37
0.20215 0.06251 48 56 7
-0.12303 0.09854 32 20
-0.10336 -0.10585 61 62 16
-0.03916 -0.42458 17 3
-0.09386 -0.29319 3 62
0.00009 -0.16452 9 31 69 51
-0.17136 -0.15429 57 62 61
-0.19914 -0.09569 77
0.05199 0.09819 18 69 27
0.17663 0.00188 78 18 39 54
-0.11977 0.12179 6 23
-0.03820 -0.17097 77 31 25
-0.02432 -0.10008 44 16
-0.03415 0.19808 20
0.52949 -0.51952 22 29
0.18304 -0.10972 59 70 48
0.03810 -0.03809 23 74 25
0.23249 0.14683 39 79
-0.22361 -0.15068 58 45 77
-0.30304 -0.20227 57
0.11657 -0.18600 9 54
0.00574 0.43452 13
-0.16233 -0.05949 12 41 5 23 45
-0.09956 -0.19520 41 45 43 28
0.61842 0.75151 
-0.15574 0.23878 33
0.03659 -0.08644 9 69 7 16
-0.48241 0.25352 26
-0.20087 -0.16302 8
-0.29536 -0.03036 5
0.00766 -0.04996 28 77 65 47 44 78
0.17529 -0.17051 25 54 75
-0.72926 0.60136 
-0.42504 0.85441 
0.38624 0.86192 
0.12549 -0.04101 55 7
0.25126 -0.21257 70
0.64418 -0.51886 15 29
-0.11674 -0.07421 69 50 32 46 57 16
0.10526 -0.02574 48 69
0.17181 0.19601 10 56
