80
0.11324 -0.34232 45 40 77 58 34 53
-0.63241 0.63903 
0.05355 -0.34042 34 6 11
0.03382 -0.00344 36 76
0.08470 0.06980 62 27 15 32 36
-0.08678 -0.14944 20 14 45
0.03228 -0.44100 2
-0.11157 0.19253 32 21 52
-0.34996 -0.09711 28
0.71103 0.67380 
0.10911 -0.07200 13 18
0.05781 -0.19074 18 76 31 35 2 12 61 41
-0.06304 -0.22218 41 56 11 61 74 23
0.00440 -0.06172 10 74 46
-0.15608 -0.12107 56 5 61 44
0.06336 0.05024 22 29 35 4
0.26987 0.02836 18 73
0.23963 0.28814 38
0.19383 -0.08071 11 71 16 10
-1.00000 -0.24428 
-0.13267 -0.03771 28 5 67 46 65
-0.18868 0.15330 7 44 67 48 60
0.18838 0.08331 42 15
-0.12537 -0.29715 12
-0.11567 -0.01827 44 74 46
0.16622 -0.17240 76 27 58
0.08172 0.31110 69 30
0.18098 -0.08258 25 4 79 50
-0.25956 -0.07217 20 8
-0.06455 0.07318 67 15
0.11661 0.39733 26
0.13686 -0.25644 58 40 11
-0.01004 0.15589 7 4
-0.30129 0.02346 44
0.08675 -0.40902 2 0
0.07520 -0.05130 11 54 15 65 49
-0.00514 0.10767 55 4 3 52
-0.34636 0.29538 60
0.22526 0.18862 54 17 73
0.20440 -0.22583 72 49
0.19525 -0.29716 31 0 79
0.00054 -0.28105 12 77 11
0.28094 0.09969 22
0.12204 0.12200 47 46 64
-0.20547 0.01315 24 21 14 33
0.03410 -0.23165 0 49 5
-0.02248 0.02204 43 20 13 24
0.24877 0.17044 43 68
-0.08614 0.21509 69 21
0.11263 -0.14760 70 51 45 39 35
0.27888 -0.11043 27
0.14118 -0.27937 66 49
-0.05643 0.19271 7 36
0.14463 -0.44285 0
0.15883 0.07251 35 38
-0.07146 0.15833 36
-0.15398 -0.20627 14 12
-0.26140 0.10914 67
0.18313 -0.27735 31 0 25 72
-0.67631 -0.70022 
-0.28112 0.23728 37 21
-0.06243 -0.18330 14 12 11
0.10298 0.15810 4
-0.44995 0.88212 
0.17020 0.19429 43
-0.04000 -0.04861 35 20
0.17893 -0.37285 51
-0.17397 0.07351 29 21 20 57
0.34090 0.20840 47
0.03709 0.18763 48 26 70
0.08596 0.02106 49 69
0.29420 -0.07414 18
0.25639 -0.29139 39 58
0.28696 0.13858 38 16
-0.07565 -0.10934 24 13 12
-0.73846 0.72246 
0.08422 -0.11598 11 25 3
0.03286 -0.36405 41 0
-0.12700 0.98807 
0.23083 -0.19478 27 40
