90
0.17570 -0.09105 66 53 28 56
0.28968 0.04066 62 76
0.01142 -0.26131 66 33 26 15
-0.26856 -0.05842 16 43 7
0.00042 -0.17079 79 70 38 13 17
0.10028 -0.10659 49 64 67 87
0.13305 0.06952 52 39 49 57
-0.17029 -0.07747 3 70
-0.09736 0.17363 74 77 57 11
-0.09255 0.19277 23 58 63
-0.01471 -0.04026 44 70 12 72 67 25
-0.19029 0.29925 54 37 8
-0.06568 0.11116 10 52 37
-0.05479 -0.03913 66 18 25 43 4 63
0.09913 0.24462 63
-0.04462 -0.27969 2 86 55
-0.18097 -0.01245 3 29 50 41 72 35
-0.05752 -0.05491 69 21 45 4
-0.10786 -0.01510 13 31 43 64
-0.04089 0.23298 58 63 71
0.06642 0.00291 45 62 47 28 24 49 35
-0.03691 0.12075 64 84 17 41 65 71 80
0.23039 0.02949 46 49 32
-0.19909 0.15141 34 31 9 74
0.00202 0.13637 37 57 20 80
-0.02853 -0.00916 36 63 13 89 10
0.08445 -0.22799 82 48 2 42
0.34485 -0.09437 76
0.15220 0.03284 63 0 20
-0.17910 -0.12151 16 88 47
0.07670 0.03817 68 82 76 74
-0.12974 0.03207 67 18 58 23 41 55
0.09748 0.02719 70 35 52 61 63 46 22
-0.01780 -0.24027 2 45 48 87
-0.32057 0.22018 23
-0.05944 -0.00743 88 64 32 20 16
-0.02099 -0.12739 25 70 87
-0.09518 0.21712 74 73 24 11 68 12
0.02974 -0.28259 4 44
0.17614 -0.06829 6 51 67 46
0.18862 0.19099 62 84
-0.17292 0.08642 21 16 31
0.15443 -0.19998 60 26 79 61
-0.20109 -0.03230 18 3 13
0.04731 -0.15136 76 89 10 87 78 38
0.03411 -0.12976 78 20 33 60 87 17 80
0.22926 -0.02723 22 75 49 32 39
-0.03280 -0.11292 56 20 29
-0.01766 -0.16237 26 33 77 78
0.16193 -0.03464 5 56 85 6 46 22 20
-0.32774 -0.04047 16
0.19488 -0.20452 86 56 39 60
0.01706 0.10575 6 32 12 77 74 68
0.18695 -0.03967 0 64 82
-0.27253 0.40226 11
-0.14388 -0.15953 15 31
0.11582 -0.15298 47 49 67 86 60 51 0
0.03097 0.15153 24 72 6 8
-0.14820 0.20032 73 31 19 9
-1.00000 0.48172 
0.12536 -0.22531 45 42 56 51 78
0.12418 -0.02709 80 63 32 75 42 81
0.18593 0.10016 83 20 72 1 40
0.03569 0.10118 61 25 28 19 14 32 13 9
0.04770 -0.01462 21 5 35 53 76 18
-0.06758 0.27798 21 71
0.04295 -0.10649 0 2 13 67 72
0.04991 -0.06750 85 31 56 5 66 10 39
0.01678 0.18267 30 37 52
-0.14414 0.00024 74 17 89
-0.00492 -0.03365 84 4 36 32 10 7
-0.03105 0.27590 21 19 65
0.00946 0.03414 62 10 57 16 66
-0.16023 0.30314 37 58
-0.08641 0.09100 8 37 69 89 30 52 23
0.20977 -0.13189 86 46 76 61
0.19643 -0.05712 44 30 64 75 1 27
-0.02627 0.03944 8 48 81 52
0.04153 -0.23242 45 44 60 48
0.10330 -0.28945 4 42
0.04103 0.04074 84 61 45 24 21
0.09640 0.07799 77 61
0.14101 -0.11430 30 26 53
0.30995 0.18080 62
0.07287 0.11559 70 21 80 40
0.15864 -0.10014 67 49
0.11260 -0.24557 75 56 87 51 15
0.04495 -0.20047 45 86 44 5 33 36
-0.20484 -0.07748 35 29
-0.08212 -0.05569 44 74 25 69
