30
0.02367 0.11676 13 7 12 8
0.99937 0.52237 22
-0.55742 -0.14998 7 28
-0.28369 0.07326 13 23 29
-0.14031 -0.19860 12 11 23 6
0.15824 0.65716 20 23 15
-0.33833 -0.54356 26 28 25 29 4
-0.17781 -0.00076 0 21 2 11 18 13
0.23712 0.17599 13 0 9
0.30959 -0.08226 14 21 19 8
-0.20137 0.51807 18 13
0.05178 -0.30149 4 24 7
0.08407 0.05364 23 4 14 18 0
0.01057 0.29762 3 0 10 8 16 7
0.42790 0.00108 9 12 19
0.13500 1.00000 5
0.39385 0.43808 22 13
-0.89299 -0.92228 26
-0.18152 0.27733 10 23 12 7
0.57308 -0.04542 24 22 14 9
0.51381 0.67778 5 22
-0.07332 -0.16308 27 9 7 23
0.69378 0.39177 16 1 19 20
-0.06967 0.18795 12 3 18 5 4 21
0.32695 -0.40579 11 19 25
0.03179 -0.64413 6 24
-0.63003 -0.72866 17 27 6
-0.41774 -0.47858 26 21
-0.64782 -0.42420 6 2
-0.35854 -0.30007 3 6
