40
0.01945 0.39951 26 8
-0.82121 -0.76781 
-0.02273 0.15130 32 24 8 36
-0.07401 0.08858 30 13 28
0.18917 -0.31898 17 19
1.00000 -0.65851 
-0.05862 -0.15108 7 25 29 33
-0.15624 -0.29530 9 6 20
-0.01345 0.28861 35 0 2
-0.24042 -0.40247 7
0.16102 0.13800 22 32
0.08502 0.04851 29 32 31 23
0.37681 -0.12177 39
0.07583 0.10394 37 35 3 14
0.06368 0.22252 32 34 13
-0.23950 0.42065 36 21
-0.29278 0.06983 28 27
0.10289 -0.20969 31 4 24
0.13939 -0.10364 19 29 39 24 22
0.22069 -0.24100 18 4
-0.07882 -0.23534 24 7
-0.31234 0.53012 15
0.03506 0.04736 35 23 10 28 18
-0.04013 0.10232 30 22 36 33 11
0.01407 -0.08718 20 18 2 17
0.00852 -0.12364 33 37 6
0.01865 0.28883 0 34 35
-0.21912 0.10278 16 34
-0.15144 0.06409 16 22 38 3
0.08574 -0.03106 11 18 35 6 39
-0.04556 0.02363 23 3 38 31
0.07159 -0.07774 17 37 11 30
0.07574 0.16993 14 34 2 10 11
-0.07131 -0.01652 25 34 23 6
-0.06053 0.16652 14 32 33 38 26 27
0.02403 0.15020 38 22 13 29 8 26
-0.13216 0.26481 15 23 2
0.13605 -0.04225 25 13 31 39
-0.10865 0.12589 35 28 30 34
0.23561 -0.08396 12 18 37 29
