60
-0.15500 0.24795 58 47
-0.07270 0.24105 58 12
0.01722 -0.00111 54 12 11 46 23
0.26881 0.35046 7
0.26396 0.22946 16 7
-0.02598 -0.15983 30 54
0.16662 0.32830 40 7
0.19458 0.26122 25 32 6 3 4
0.00207 -0.10032 27 30
0.15681 0.13832 40 50 14
0.21025 -0.08585 50 23
0.11043 -0.04980 57 2 44
-0.00606 0.15979 19 1 2 47 45 40
-0.28877 0.07095 22 24
0.06902 0.06765 37 51 30 48 47 16 9 35
-0.93077 -0.40891 
0.19577 0.14065 20 4 14
-0.20885 0.12489 22 45
-0.07497 -1.00000 
0.03638 0.11032 12 25 32 54
0.15208 0.06476 57 26 16
-0.10637 -0.27295 55 39
-0.16608 0.06875 17 26 13 34
0.08629 -0.11323 56 30 35 10 31 2
-0.30861 0.11150 34 13
0.10497 0.13662 7 51 26 19 38
0.00523 0.05437 22 20 53 25 49 45 38 59
0.00297 0.01369 8 48 59
0.00323 -0.46288 43 52
-0.07982 -0.10945 41 46 31
0.04322 -0.13489 55 5 8 23 56 14
0.00649 -0.22574 29 23 43
0.12209 0.21610 7 19
0.16042 -0.07959 59 56 51
-0.19238 0.09193 41 22 47 24
0.04468 -0.00149 46 38 23 49 14
-0.11962 0.30191 47
0.19845 0.07683 14 50
0.08182 0.08569 35 25 26
-0.10712 -0.16039 54 21 53
0.10235 0.24495 6 9 12
-0.12351 -0.02386 34 29 53 44
-0.13554 0.20578 48
0.01442 -0.36638 28 31
0.01121 -0.04419 51 41 11
-0.09728 0.12056 17 26 12
-0.06707 0.02348 58 35 29 2
-0.07904 0.17931 0 36 12 34 14
-0.04017 0.11867 42 27 14
0.07295 -0.00993 51 26 35
0.21295 0.02701 59 37 9 10 57
0.10440 0.01779 49 44 25 14 33
-0.02692 -0.41040 55 28
-0.09301 -0.05625 26 41 39
-0.03449 -0.05245 2 39 19 5
-0.01910 -0.28838 21 30 52
0.13311 -0.16340 23 33 30
0.21056 -0.01347 20 11 50
-0.12331 0.16653 0 46 1
0.11671 -0.00210 50 33 27 26
