70
-0.00510 -0.03078 42 30 60 20 32 22 59 61 66
-0.44771 -0.03558 11 30 38 10 54 68
0.10598 -0.58275 27 62 32
-0.03323 -0.56935 62 64
0.20827 -0.06065 69 53 23 20 11
0.48013 -0.02645 14 25 60 40 56
-0.02457 0.60375 50 44 47 61
-0.20506 0.20882 53 17 51 13
0.14054 0.49132 57 53 46
-0.31558 -0.15584 10 38 64
-0.10938 0.07015 59 9 23 51 58 1 32 53 62 46 37 54
-0.07335 -0.07185 1 59 20 22 30 4 16 69
-0.43769 0.15670 55 53
0.10466 0.12939 58 42 50 66 7 40 25
0.20222 -0.16459 5 31 53 19 22
0.31085 0.00292 53 24 57 32
-0.35808 0.12647 50 51 22 11 38 36
-0.14548 -0.06686 60 48 21 7 64 65
-0.30382 0.42231 34 39 22 47 48
0.42992 -0.35742 32 27 14 67
0.15236 0.08503 43 0 11 65 44 4 41
-0.19168 -0.15785 61 64 17 31 50 52
-0.07453 0.10238 16 33 0 11 18 14
0.32895 0.14033 10 4 57 67
0.49230 -0.18869 67 56 64 15
0.27566 0.24795 37 42 46 5 43 13
-0.63396 -0.22593 30 52 36 68
0.22370 -0.64940 2 31 19 29 69 45
-0.03922 -0.86979 31
-0.14880 -0.62890 27 62 30
-0.31488 -0.27464 0 26 1 11 29 36
-0.00426 -0.46191 28 27 14 21 69 55
0.17619 -0.23595 60 19 0 2 10 15
0.14268 0.22657 22 61 37 50 49 64
-0.51143 0.14056 18 65 36 48
0.99596 0.08640 67
-0.32238 0.00561 42 57 34 26 38 55 30 16
0.09650 0.40710 25 46 33 39 10
-0.54836 -0.07645 55 9 1 36 16
-0.02964 0.53986 57 18 37 46
0.53447 0.18703 13 5
0.39056 0.09546 49 59 20 69
-0.02358 0.22197 0 36 13 25 46
0.36567 -0.03961 20 25 64
0.25369 0.53108 6 20
0.36186 -1.00000 27
-0.01671 0.38882 37 63 25 54 47 60 10 42 8 39
-0.19651 0.69747 46 6 18
-0.32153 0.15621 53 17 18 34
0.50197 0.35711 41 33
-0.09509 0.27523 16 6 59 13 21 61 33
-0.37264 0.35833 10 16 7 63
-0.56934 -0.38443 26 21
-0.02422 0.14495 48 8 15 59 7 54 4 14 10 12
-0.27421 0.26286 53 46 1 61 10
-0.35942 -0.20975 38 58 62 31 12 36
0.62196 -0.29658 69 24 5
0.19248 0.24930 8 39 36 23 67 15
-0.23940 0.03455 13 55 10
0.04177 0.23062 10 63 50 11 41 53 0
0.15205 0.01452 32 0 17 46 5
-0.12651 0.24622 21 50 33 6 0 54
-0.15533 -0.40796 2 3 55 29 10
-0.19701 0.53718 59 46 51
0.06560 -0.18596 21 66 3 24 17 9 43 33
-0.25142 -0.12635 20 34 17
0.09444 -0.23771 64 13 0
0.60457 0.01417 24 35 23 57 19
-0.82887 -0.11548 1 26
0.28201 -0.30127 56 4 31 27 41 11
