80
0.11898 -0.15033 46 23
0.13196 -0.04595 31 3 73 24 37
0.82902 0.65827 
0.13808 -0.00775 1 21 27 73
-0.14046 -0.12251 35 29
-0.09640 0.10811 27
0.11494 0.35792 72
-0.30607 0.13909 12 57
0.14316 0.11993 65 53 50
0.08915 -0.04240 62 23 75
-0.20785 0.06909 64 44 57
-0.13810 -0.15088 61 54 18
-0.22668 0.11648 77 64 7
0.11865 0.17455 17 56 72 43
0.24352 0.12038 38 17 16 15
0.14383 0.04202 75 23 14 60
0.33463 0.07367 14 66
0.20646 0.22670 13 14 53 51 78
-0.05293 -0.10567 75 11
-0.16407 -0.09741 52 61 30 69 58
0.05596 -1.00000 
0.23467 0.02182 25 3 38
-0.15749 -0.05654 29 30 45 52
0.19881 -0.03616 15 9 66 50 25 0
0.20726 -0.12451 1
0.28249 -0.03694 21 23
0.09778 0.06568 79 38 76
-0.00156 0.04293 62 3 5 67 54 71
-0.07990 0.03762 69 79
-0.06926 -0.04681 56 22 4 62 31 40
-0.07312 -0.01314 19 22 76 62 39
0.01326 -0.06104 1 56 33 47 29 32
0.03394 -0.16486 46 31
-0.06025 0.06267 43 31 74 77 64
-0.15613 -0.28057 58
-0.11314 -0.10422 45 77 4 46
-0.99357 -0.13891 
0.10199 0.08456 70 43 1
0.18954 0.10541 14 50 63 26 43 21
-0.03933 0.10359 55 53 30 77 71
-0.18644 -0.06297 61 74 29
-0.32869 -0.24693 68 61
0.01579 -0.42260 49
0.06269 0.14028 72 33 79 13 37 38 71
-0.11577 0.00582 75 54 10
-0.20292 -0.11968 35 22
-0.00605 -0.20075 47 0 49 48 32 35
-0.03278 -0.16949 46 58 31
-0.07700 -0.15268 69 46
0.00638 -0.33064 46 42
0.16612 0.05303 56 38 23 8
0.28251 0.29027 17
-0.21269 -0.03160 19 74 22
0.09399 0.18341 17 39 8
-0.07462 -0.07428 58 44 11 62 27
-0.10066 0.07614 69 39 59 64 75
0.04882 0.04300 29 31 13 50 79
-0.25892 0.08940 74 7 10
-0.11763 -0.18419 54 47 34 19
-0.14879 0.17748 55
0.09614 0.10688 79 15
-0.23488 -0.16207 19 11 40 41
0.00150 -0.02621 27 65 9 30 29 54
0.28571 0.15434 38
-0.16092 0.10625 10 12 55 33
0.08558 0.04182 62 8
0.31157 -0.00135 16 23
0.01671 0.13539 70 79 27
-0.39384 -0.30699 41
-0.11742 -0.03831 28 48 55 19
0.06365 0.17760 67 37
-0.00770 0.14114 27 43 39
0.10017 0.25685 43 6 13
0.18993 -0.07332 1 3
-0.15380 0.03958 57 40 79 33 52
-0.00112 -0.00070 15 44 18 9 55
0.03354 0.00193 30 26
-0.13119 0.04174 12 35 33 39
0.25389 0.31424 17
-0.00264 0.08431 67 26 60 74 43 28 56
