20
0.30598 -0.44041 9 12 14 10
-0.37921 0.00177 17 4 15 3 16 18 12
0.92993 0.38455 6 19
-0.13282 0.53139 8 1 6 7
0.29331 0.10249 1 19 10 11 8
-0.78175 -0.58467 12 15
0.39059 0.53775 2 3
-0.29772 1.00000 3
-0.06718 0.14866 16 3 13 4
0.02211 -0.62797 0 16 12
0.56621 -0.29905 4 0
0.62438 0.34565 4 14
-0.28420 -0.46634 5 17 0 13 9 1
-0.26878 -0.17406 8 16 12
0.71574 -0.04585 19 11 0
-0.86375 -0.19017 1 18 5
-0.09242 -0.23475 8 9 13 1
-0.58355 -0.36553 1 12
-0.87133 0.09847 15 1
0.77447 0.27804 4 14 2
