30
-0.32143 0.05114 7 19 11 23 29
0.33603 0.18348 15 4 20 9
-0.55637 -0.77698 16 21
0.17989 -0.13537 14 17 11 28 29 26 19
0.06648 0.33112 20 11 8 1 25 19
-0.29212 0.50393 24 23 11 8 13
0.30668 -0.88025 16 28
-0.34274 -0.38568 21 0 14
-0.03257 0.49876 22 13 4 5 26
0.54878 0.09336 28 22 26 1 24
0.04350 -0.27443 14 16 17 24 29
-0.16613 0.17286 4 29 5 0 3
-1.00000 0.79913 23
-0.52454 0.21448 8 21 5
0.16686 -0.45581 10 3 7 17 28
0.00684 0.07700 25 26 1 18
-0.10361 -0.79143 6 10 2
0.40050 -0.14213 19 22 10 14 3
0.13081 -0.32143 19 15
0.28147 0.02716 18 17 26 0 27 20 3 4
0.47692 0.20241 4 1 19
-0.67129 -0.33439 7 13 2
0.46132 0.38541 17 8 9
-0.63504 0.51271 25 12 5 0
0.15039 0.29101 5 10 26 9
-0.31502 0.39575 23 15 4
0.25771 0.25364 15 19 9 3 8 24
0.85009 0.06458 19
0.46810 -0.43920 9 6 3 14
-0.17150 -0.12084 11 3 10 0
