100
-0.65722 -0.01325 72 25 55
0.87824 0.33699 6 61 77 82
0.10047 0.48285 50 61 76 91 30 93
-0.11344 0.06190 71 22 70 74 36 15 25 61 72
-0.46085 0.64571 8 49 54 16 30
-0.21755 0.76926 86 44 16 91
0.89334 0.14012 1 87 27
-0.15527 0.60683 51 70 8
-0.56039 0.56438 59 4 7 26 55 62
-0.52669 -0.98164 48 57
0.12617 -0.29721 39 43 77 15 88 67
-0.07491 0.15939 74 81 64 14 34 19
0.19200 0.35826 76 33 38 90 75
0.43374 -0.24081 76 70 73 96 61 55 84 90
0.11544 -0.37092 28 69 23 11 68
0.27824 0.03186 69 67 16 3 10
-0.00877 0.27963 55 31 53 5 15 4 19
-0.89437 -0.60157 71 58
-0.26571 0.08535 67 72 79
0.11956 -0.11679 28 64 96 16 83 11
0.13472 -0.05942 58 42 60 78 40 23 79 31
0.00771 -0.40251 22 48 70 80 25
-0.02591 -0.25081 21 3 36 43 24 85
-0.26670 -0.45078 47 14 29 20
-0.13596 -0.35882 38 41 31 28 22 36 63
-0.18303 -0.02781 0 50 78 79 55 21 3 99
-0.60732 0.41119 49 41 8 30
0.46314 -0.15781 64 96 52 35 89 6
0.06400 -0.56048 14 19 98 24 75
-0.60696 -0.16903 44 71 23 99
-0.29853 0.75523 66 2 26 4
0.19433 -0.23392 16 24 68 78 20
0.69823 -0.96639 84 52
-0.18643 0.70815 12 79 56 62
-0.31813 0.38097 92 95 44 11
0.15926 0.03029 52 56 72 27 87
0.21997 -0.07246 22 3 87 83 24
0.22027 -0.62067 41 52 63 77 98 65
-0.31956 0.22355 12 24 54 70
-0.13419 -0.23830 10 96 56 50 75 58 95
0.18908 0.45402 93 20 56 64
-0.34799 -0.14883 37 72 26 99 24 81
0.61762 0.20306 53 78 20
0.37862 -0.24220 53 77 48 10 22 90 65
-0.47608 0.36644 29 5 34 94 56 93
-0.70350 0.30893 91 92 88
0.73385 -0.14787 61 60 67
-0.39476 -0.64576 23 63 55
-0.11503 -0.57987 21 9 43 70
-0.37986 0.35117 75 26 81 4 85 66
-0.11424 -0.03566 2 70 99 25 68 39 81
0.35354 0.73169 7 79 53 82
0.34379 -0.53930 99 37 35 27 97 32
0.37857 0.38026 76 42 74 43 16 51
-0.78149 0.58686 4 38
-0.25517 -0.05443 85 16 67 13 8 25 70 0 47
-0.13468 0.32120 33 44 39 35 40
-0.77912 -0.80061 9 88
-0.42493 -0.45537 20 39 17
-0.50064 0.49796 85 72 8 93 91
0.54221 -0.20169 46 76 20 95 73
0.47193 0.13833 46 1 2 87 13 78 3
-0.59935 0.97863 33 8
-0.12690 -0.83382 37 47 24
0.27032 0.13347 27 70 83 19 11 80 66 40
0.64564 -0.65535 43 37
-0.00345 0.45629 30 49 64 86 87 99
0.17965 -0.15783 18 15 55 46 10
0.18351 -0.50286 95 50 31 80 14 97
0.51853 -0.08743 15 83 14
-0.04662 0.04535 13 64 50 7 3 21 48 38 91 55
-0.71304 -0.29967 3 29 17
-0.38675 0.13548 59 0 41 18 35 3
0.78785 -0.44584 80 13 60
-0.06037 0.53420 11 53 3 92
0.02665 0.00419 78 49 83 39 28 12
0.51780 0.20239 12 53 13 2 90 60
0.61558 -0.14907 43 1 10 87 37
0.34654 -0.04588 75 80 42 25 20 31 61
0.03368 0.36328 51 83 33 18 25 20
0.45507 -0.36944 78 73 21 64 68
-0.49659 0.12647 49 11 50 41
0.84044 0.79073 1 51
0.22018 0.09816 79 69 64 89 75 36 19
0.80595 -0.74346 13 32
-0.45104 0.05951 59 55 49 99 22
-0.09515 0.93142 5 66 91
0.49073 0.24354 61 6 77 36 35 66
-0.50470 -0.29762 94 89 57 10 45
-0.03939 -0.21560 88 83 27
0.62777 0.06526 76 43 13 12
-0.28641 0.56425 59 2 45 5 86 70
-0.52702 0.70987 34 45 74
-0.13520 0.68472 40 59 44 2
-0.59289 -0.04996 88 95 44
-0.06884 -0.12607 34 68 94 60 39
0.30718 -0.41265 27 13 19 39
0.40104 -0.92034 52 68
0.18379 -1.00000 28 37
-0.20690 -0.14319 52 50 41 85 29 25 66
