70
-0.13367 -0.26898 45 21
-0.07892 -0.20760 2 17 62 38
-0.09760 -0.14611 21 64 42 1 63
-0.16554 -0.12682 45 38 33
0.01235 0.09122 10 41 49 43
-0.04093 -0.20132 48 18 57 62 21
-0.11076 0.15374 69 9 27 55
0.15778 -0.21897 16 23 54
-0.09117 0.10141 50 9
0.01310 0.19057 8 10 6 32 59
0.06094 0.17906 4 9 51
-0.16703 0.08469 64 65 69 26
0.22463 -0.01944 16 49 13
0.17147 0.00178 30 12 58 60 63 17
-0.04539 0.14616 26 41
0.07166 -0.12330 34 43 62 22
0.23734 -0.12935 12 7 22
0.04793 -0.15572 21 1 13
-0.01072 -0.04219 5 50 66 30 27
0.13120 0.18091 27 56 51 67 59
-0.09328 -0.39267 21
-0.04492 -0.25493 35 54 17 2 0 20 5
0.14262 -0.06758 16 41 30 15
0.04486 -0.20482 62 45 7 66
0.36341 0.23955 60 67
-0.15095 0.11170 41 65
-0.06347 0.16675 14 49 29 11
0.01174 0.12777 19 30 29 56 6 18 46
-0.19787 -0.06205 33 57 68
-0.04890 0.25071 27 26
0.08593 0.01233 51 13 31 66 40 27 56 18 22 44
0.11109 -0.08027 30 51 53 49 35
0.12770 0.10502 39 9
-0.05274 -0.05701 41 56 69 34 28 61 35 3
0.00415 -0.16890 15 33 54 57
-0.02580 -0.16934 48 50 21 33 31
-0.07027 -0.03268 51 69 43 57 38 42
0.29370 0.18236 60 58
-0.16292 -0.16085 36 3 1
0.09594 -0.03213 32 57 61
0.08940 0.10367 69 58 30
0.00123 0.00833 54 33 4 22 25 14 46 62
-0.12612 -0.07304 43 2 36
-0.01160 -0.02070 61 44 36 42 63 15 4 69
0.04612 0.00112 43 45 58 30
-0.07660 -0.14072 0 23 64 44 3
0.07702 0.13718 27 41 58
-1.00000 0.74583 
-0.03864 -0.30015 5 35
0.08167 0.06216 26 12 4 31
-0.09466 -0.04589 35 18 8 57
0.07795 0.04753 69 30 36 63 31 19 52 10 61
0.20948 0.12595 58 51
0.20978 -0.20446 31
0.05693 -0.17769 41 21 7 34
-0.26777 0.12537 65 6 68
0.04185 0.08041 33 19 30 27
-0.05606 -0.10229 5 36 28 39 34 50
0.16526 0.12358 40 59 44 37 52 13 46
0.12485 0.24050 58 19 9
0.31021 0.12600 37 24 13
0.05295 -0.02672 43 33 39 51
-0.00392 -0.14409 23 15 5 1 41
0.04584 -0.05561 51 43 13 2
-0.17224 -0.05410 2 45 11
-0.24644 0.15917 55 11 25
0.02976 -0.07727 69 30 18 23
0.26603 0.26764 19 24
-0.31111 0.02082 55 28
-0.03785 0.04473 51 66 40 6 36 33 11 43
