100
0.14978 -0.13410 81 2
-0.19259 -0.07271 51
0.20705 -0.04321 0 30
0.05721 -0.11518 15 23 8 85
-0.08668 -0.45992 93 44
0.27404 0.06052 31
0.24735 0.09377 16 31
-0.07059 -0.26978 58 13 34 90
0.13297 -0.05313 89 3 84
-0.99754 0.47655 
0.51887 0.71121 22
0.14263 0.26921 33
0.06133 -0.19706 96 83 42 47
-0.02410 -0.11828 83 7 32
-0.25443 -0.29071 73
0.08737 -0.11902 3 18
0.19504 0.10450 6 64
-0.16644 -0.07378 82 76
0.02817 -0.05270 54 68 96 15 89
-0.35754 0.34846 91
-0.26434 -0.04134 92 69
-0.10814 0.03696 29
0.49893 0.66532 95 10
-0.03551 -0.24225 3 90 44
-0.04025 0.40213 38 63
0.12120 -0.80887 78
-0.28928 -0.24833 99
0.01996 -0.13553 29 82 55
-0.30936 0.17344 91 86 69
-0.04997 -0.02351 27 21 69 54
0.17848 0.05717 85 48 2
0.17348 0.04678 56 5 65 6 60
-0.01021 0.04140 77 13
0.10794 0.17459 11 53 89 65 74
-0.10832 -0.38915 93 7
-0.00862 0.30796 74
0.33291 -0.17360 37
0.23951 -0.13656 54 36
-0.11742 0.46575 24 61 79
0.06230 0.17410 72 63 85
-0.35452 -0.10056 59
-0.03558 0.28617 74 77 79
0.04690 -0.29846 87 58 12
0.16840 0.20522 80 77
-0.06224 -0.36818 4 23
-0.08623 -0.14205 99 73 57 49 50 81 51 96
-0.38599 1.00000 
0.11656 -0.28017 12
0.16980 0.15562 97 30
-0.03556 -0.03660 96 65 45 88 68
-0.15400 -0.25746 62 45
-0.10744 -0.04605 76 1 88 56 45
0.14688 -0.95303 78
0.17281 0.25342 33
0.10584 -0.07987 18 37 29 84
0.13630 -0.21966 27 98
0.03460 0.00635 31 51
0.00424 -0.03073 64 45
-0.01292 -0.33614 7 42
-0.25590 -0.08551 40 68
0.27230 0.02968 31
-0.17367 0.53275 38
-0.20743 -0.33792 50
0.03383 0.29256 97 39 24
0.09687 0.06937 57 16 94 89
0.07070 0.08835 33 49 31 97
-0.31482 -0.01779 76
0.35653 0.12226 80
-0.11600 -0.06191 18 49 59
-0.21571 0.05615 28 20 29 70
-0.29554 0.09400 69
0.01089 0.08333 74 96 94
0.06618 0.22974 39 94
-0.18466 -0.22750 45 99 14
0.01114 0.21625 71 41 35 33
0.72027 0.62952 
-0.21891 -0.03368 51 17 66
0.03156 0.18415 32 41 43
0.13417 -0.88257 25 52
-0.08986 0.39094 38 41
0.28334 0.18022 67 43
0.03539 -0.17121 96 0 45 87
-0.07899 -0.11369 17 27
0.05730 -0.09157 85 13 12
0.18259 -0.09321 8 54
0.08585 0.01840 83 30 39 3
-0.38499 0.21112 28
0.06373 -0.26479 42 81
-0.10074 -0.07467 51 49
0.10223 0.04019 8 33 18 64
-0.13677 -0.22713 92 23 7
-0.34833 0.27222 28 19
-0.23360 -0.14973 20 90
-0.12638 -0.47549 34 4
0.05939 0.14399 72 71 64
0.48488 0.62051 22
0.00319 -0.08293 12 81 71 49 18 45
0.09360 0.20361 63 48 65
0.21527 -0.28214 55
-0.20194 -0.20478 45 73 26
