90
0.07185 -0.03611 21 47 37 87 13
-0.15595 0.13147 31 55
0.12472 0.02653 58 76 28 49
0.09430 0.07154 69 84 85 73 54 34
0.00772 -0.09473 37 8 17 70 27 60 29 72 61
-0.08021 -0.13203 29 7 75
-0.10368 -0.03380 12 60 42 47 46 86
-0.01640 -0.19094 15 5 14 37 85 30
0.04632 -0.09881 48 4 11 32 26 27 10
0.04182 0.08812 41 27 75 71 43
-0.07445 -0.11426 85 23 67 37 25 8
-0.02684 -0.14420 26 8 37 59 41 79
-0.03535 -0.00827 33 6 82 14 39 64
0.15302 0.00750 32 69 0
-0.04707 -0.12965 12 7 23 21
0.05140 -0.23823 7 21
-0.16469 0.03380 74 86 75 50
-0.01554 -0.08810 4 18 86 37 47
0.04828 -0.00861 17 40 65 89
0.11108 -0.08153 32 47 52
0.17215 -0.09141 52 65 76
0.04267 -0.12070 0 79 69 76 14 15 70
-0.13311 0.05966 89 67 83
-0.10019 -0.06830 31 46 84 72 10 14 25
0.31376 1.00000 
-0.17628 -0.11972 57 10 23
-0.00056 -0.15356 85 11 8 42
0.13498 -0.02823 4 49 9 68 8
0.02344 0.13261 2 82 43 35
-0.02659 -0.11482 88 5 89 76 4 85 45 77
-0.08288 -0.21409 79 7
-0.10663 0.01394 23 41 1 79 61
0.09145 -0.00952 83 47 13 19 8 49 65
0.05314 0.04437 12 65 84 55 85 78 52 44
0.09051 0.01738 85 52 3 40
-0.04276 0.18658 84 66 28
0.32093 -0.03367 68 49
0.01811 -0.14168 4 0 11 17 7 10
0.03794 0.06054 73 46 47 53
0.01281 0.03841 12 83 84 52 41
0.00416 0.06112 75 80 64 18 83 34
0.00345 -0.00548 76 61 31 9 39 11 87
-0.07733 -0.06955 67 58 6 79 50 47 26
0.05801 0.14118 69 28 80 9
0.07141 0.12251 33 89
-0.05242 -0.25473 29
-0.06134 -0.01289 23 38 79 75 89 6 80 77
-0.01342 -0.04694 57 32 0 63 19 38 6 48 17 42
0.00823 -0.04613 8 79 85 69 47 75
0.20754 -0.01655 27 32 65 36 2
-0.15185 0.01005 84 16 42 51
-0.13264 0.02108 79 55 57 82 50
0.08988 -0.03458 34 20 58 88 33 39 19
0.07277 0.04884 85 80 38
0.19605 0.15779 3
-0.07356 0.11139 80 33 51 62 1
-0.18421 0.09613 60 62
-0.15317 -0.05345 47 51 25
0.04141 -0.02871 2 52 42 64 65
-0.12046 -0.22480 11 77
-0.10766 -0.01601 56 61 6 4 63 82 88
-0.06740 -0.04072 41 60 31 4
-0.09936 0.14789 74 89 71 55 56
-0.11284 -0.10803 60 47 72
-0.06638 0.02551 40 12 58 74 86
0.13775 -0.03494 33 18 20 49 32 58
-0.07760 0.22484 35 83
-0.17062 -0.05475 42 10 22
0.26957 -0.04459 36 27
0.05244 0.01736 3 43 75 48 13 21 89
0.03771 -0.16917 4 72 85 21
-0.00846 0.20530 62 9 81
-0.04465 -0.15101 85 23 63 4 70
0.12700 0.14000 38 3
-0.11510 0.09253 16 62 75 83 64
-0.04970 0.01670 40 74 46 69 16 9 84 48 5
0.08729 -0.07954 41 29 2 20 21
-0.11721 -0.14620 59 29 46
0.17386 0.10863 33
-0.06331 -0.08498 51 48 88 46 30 31 21 42 11
-0.00620 0.09694 40 89 55 43 46 53
0.04431 0.23991 87 71
-0.06892 0.05519 12 60 88 51 28 84
-0.03449 0.10396 32 74 39 40 66 22
-0.03949 0.06302 3 23 33 50 35 39 75 82
0.01651 -0.06610 26 34 53 3 48 10 33 72 88 29 86 70 7
-0.10288 -0.04757 16 17 85 64 6
0.05587 0.10978 81 0 41
-0.02989 -0.04146 29 79 52 82 85 60
-0.02588 0.04374 80 29 62 22 46 18 44 69
