100
0.23170 0.16246 97 18 71 70
-0.07528 0.05851 20 44 63 76 41 26
0.41889 -0.11189 58
0.00239 0.07616 67 84 43
0.19151 0.20157 17 97
-0.04656 -0.14933 30 34 62 66
-0.04436 0.03324 75 68 53 64
-0.17440 0.01079 84 28 86
0.22334 -0.20338 83 11
0.05502 -0.03465 59 93 12 79 76 50 67 30 86
-0.15884 -0.10836 62 75 80
0.11894 -0.12603 57 8 50 26 79
0.20768 -0.06994 9 58
-0.04821 -0.10474 79 90 88 89
0.11912 -0.00075 30 91 36 43
0.04993 -0.20714 45 31
-0.24733 0.05995 42 44 95
0.15309 0.11435 36 4 33 76 68
0.31570 0.20546 0
0.00753 -0.33580 55
-0.12767 0.07000 1 35 53 32
0.44480 0.07243 74
0.02056 -0.05941 31 67 59 30 76
-0.32839 -0.16387 80
0.19908 0.33031 97
-0.08727 0.20867 38 46 82 32
-0.00449 -0.00175 96 82 50 95 63 86 11 1
-0.20101 -0.03925 28 64
-0.25577 -0.06279 27 56 89 7 37
-0.30883 -0.01680 37 85 49
0.02820 -0.12039 14 22 5 55 9 60
-0.03878 -0.18095 22 51 15 55
-0.05219 0.13698 43 25 20
0.24465 0.14959 17
0.00215 -0.16935 55 5 45 62
-0.16844 0.09385 94 20 49 41 39
0.23356 0.05328 17 74 14 40
-0.34681 -0.05161 29 28
-0.07790 0.14965 59 25 77
-0.06532 0.11143 68 88 35
0.18549 0.02995 67 91 36
-0.05765 0.14707 99 35 1 96
-0.33663 0.11025 16
0.03836 0.08168 32 59 14 3
-0.20064 0.08638 1 16 49
0.09376 -0.12065 15 70 34
-0.12301 0.30042 25
0.13051 0.06714 68 54 50
0.03538 -1.00000 
-0.26724 0.07096 35 44 29
0.07101 -0.04727 26 79 11 47 9 65
-0.17207 -0.16612 85 31 80
-0.04848 0.22173 82
-0.13902 -0.04175 80 66 93 6 85 20
0.21693 0.10396 47
0.00670 -0.23613 34 30 31 19
-0.35350 -0.09221 28
0.19079 -0.23369 11 72
0.33198 -0.09530 2 12
0.00237 0.04543 38 9 22 43
-0.06960 -0.16899 30 89
-0.07470 -0.11276 65 62 63 66
-0.08836 -0.09891 75 10 95 61 5 64 34
-0.05862 -0.02667 1 61 26
-0.09585 -0.01216 82 27 66 93 6 62
-0.02648 -0.10441 61 89 50
-0.10977 -0.09651 53 64 61 5
0.08382 0.01126 40 22 3 9
0.06570 0.13255 47 39 97 6 17
0.08503 0.99629 
0.15054 0.01880 96 92 45 0
0.29600 0.23145 0
0.24199 -0.30929 57
-0.01948 0.21864 82
0.35729 0.06359 21 36
-0.06970 -0.04555 62 6 10 76
0.03106 0.02419 22 9 1 75 17
-0.13970 0.16559 84 38
0.20214 -0.10900 92
0.05466 -0.10234 13 9 50 11
-0.23893 -0.11746 53 23 98 10 94 51
-0.13770 0.03360 88 86
-0.04579 0.12035 64 26 73 52 25
0.29603 -0.25963 8
-0.10486 0.08220 7 3 77 86
-0.23283 -0.08783 51 29 53
-0.06631 0.00872 93 81 7 26 9 84
0.22752 0.31657 97
-0.09061 0.01342 81 39 13
-0.13110 -0.10516 95 28 65 60 13
-0.02606 -0.20426 13
0.14899 0.05346 40 14 96
0.11896 -0.05650 78 93 70
-0.01550 -0.03831 9 53 86 64 92
-0.24333 -0.00270 35 80
-0.13746 -0.02193 89 62 26 16
0.06187 0.07432 26 70 91 41
0.17453 0.23920 87 68 0 4 24
-0.30931 -0.18808 80
-0.07914 0.25189 41
