40
-0.02584 -0.18356 35 33 20 10 8
-0.20534 -0.01017 15 30 37
0.08937 -0.03290 7 33 19
0.01229 0.16015 6 13 12 26 23
-0.10708 0.11543 31 27 23 32 6 34
-0.04247 0.00716 35 18 22 12 31
-0.00050 0.06772 3 7 4
0.02853 -0.06496 6 8 2 16
-0.07785 -0.22080 7 9 17 0
-0.19207 -0.19843 8 30
0.01259 -0.21320 0 22 35
0.08805 0.19771 24
-0.06054 0.11677 3 15 5
0.02271 0.02244 3 35 18 37
0.12648 0.22076 19 26
-0.10217 0.05352 19 1 23 20 12
0.08729 0.04198 7 24
-0.10749 -0.34528 8
0.05543 0.11510 24 5 26 13
0.02042 0.11226 15 14 34 24 27 2
-0.10818 -0.09336 15 0
0.39081 0.99364 
-0.06163 -0.12643 33 5 10 30
-0.07772 0.17422 15 4 3
-0.02176 0.12541 18 25 38 19 11 16
-0.14800 0.03174 24 30 37
0.07814 0.23475 3 18 14
-0.09200 0.20629 4 38 19
0.15026 -0.20593 35
0.96389 -0.22615 
-0.19070 -0.06975 32 9 1 22 25
-0.15738 0.10230 4 38 5
-0.21835 0.07145 30 4 38
0.04879 -0.15610 0 22 2
-0.01767 0.02600 19 36 4
0.04376 -0.11625 5 0 13 10 36 28
0.00692 -0.08658 34 35
-0.11538 -0.01381 1 13 25
-0.15784 0.16686 31 24 27 32
0.06219 -1.00000 
