50
0.07828 -0.00924 49 24 30 32 48 3 8
-0.06818 -0.06205 25 11 29 31 17 7 21
0.17055 -0.06059 22 11 24 27 44
0.03402 -0.17889 18 19 31 0 36
0.10646 0.02829 14 16 12
0.00660 -0.13531 33 40 7 21 48 36 27
0.00704 0.34684 14 45
-0.08504 -0.09017 12 31 26 5 10 1
0.16745 0.17869 0
-0.12948 -0.03302 32 19 37 36 26
-0.01472 0.01650 25 21 20 43 19 7 29 26
0.04245 -0.04034 1 2 26 12 34
0.06213 -0.06031 7 23 19 11 4
0.15184 0.13565 24 25 43
0.01473 0.18328 4 6 41 23 46
-0.20053 0.16100 46 42 26
0.07369 -0.11908 36 37 4 22 18
0.00168 -0.17694 29 22 1 34
0.10344 -0.28134 3 16
-0.03123 -0.11016 9 30 32 26 12 3 10 33 40
0.09134 0.10571 10 45 25 23 44 47
-0.03803 0.01043 30 10 26 32 5 43 25 1
0.14931 -0.19737 2 17 16
0.11726 0.06095 44 49 12 20 34 14
0.18378 0.02537 36 13 38 2 0
0.01604 0.05654 1 28 13 10 32 20 49 21
-0.08208 0.03021 43 19 7 21 11 15 10 9
0.14038 -0.05259 34 43 2 5
-0.09560 -0.00097 44 25 31 30
-0.11304 -0.06244 17 48 1 36 31 46 10
-0.02305 -0.01729 21 19 0 44 28
-0.10241 -0.15977 1 3 7 28 29 32 35
-0.04903 -0.07696 9 19 48 21 25 0 40 31
0.05549 -0.23097 35 5 47 19
0.10958 -0.09398 27 17 36 23 11
-0.06165 -0.31185 33 31
0.01077 -0.06700 24 16 37 29 3 34 9 5 48
-0.06002 0.06331 36 16 9 41 42
0.24616 0.12178 43 24
-1.00000 0.51009 
-0.08751 -0.20935 5 32 19
-0.04320 0.17871 44 14 37
-0.12334 0.22599 15 45 37
0.07832 0.07745 27 38 26 10 13 21
0.04114 0.06149 28 23 41 20 2 30
-0.00019 0.27316 20 42 6
-0.14615 0.11779 15 29 14
0.18511 -0.10010 33 20
-0.05434 -0.11929 29 32 0 5 36
0.16381 0.08814 0 23 25
