20
0.50042 -0.05389 1 9 3
0.32057 0.30760 6 3 0 17 18
-0.93462 -0.01476 7
0.35591 0.17490 1 4 0
0.01437 0.22757 10 6 5 3
-0.14427 -0.04754 4 16 8
0.01100 0.47078 1 10 4
-0.55461 -0.06176 2 10 13 16 19 12
-0.08048 -0.20051 19 16 5 15 13
0.40147 -0.45033 11 0
-0.30574 0.29750 6 7 4
0.05758 -0.59759 19 9
-0.56281 -0.27654 13 19 7
-0.34961 -0.01537 12 7 16 18 8
1.00000 0.35000 17
0.34551 -0.05637 17 8
-0.35027 -0.17703 8 13 5 7
0.66660 0.22866 15 1 14
-0.08097 0.29415 13 1
-0.31005 -0.39948 8 11 12 7
