50
0.10733 0.06075 29 46 49 44
0.01763 -0.19708 34 45
-0.30488 0.13737 30 39
-0.02195 0.29943 41 38
-0.24466 0.15868 25 6
-0.06017 -0.17139 42 24 43 32 21 19
-0.10759 0.15129 23 22 46 28 4
0.10461 -0.29810 9 24
-0.09748 -0.06297 11 12 17
0.12834 -0.18557 35 31 33 7
0.13675 0.04348 17 44
-0.05143 -0.09307 21 14 33 12 8
-0.17051 -0.14929 11 8 37
-0.02090 0.01007 17 22 33
0.03264 -0.02823 11 45 48 46
0.65286 0.82309 
-0.28054 0.28179 30
0.00703 0.02378 49 13 22 10 8
0.07797 0.09728 46 48 49 44 20
-0.16409 -0.07470 47 39 21 5 36
0.04384 0.22147 38 18
0.00436 -0.09002 11 34 44 5 48 19 31
-0.06167 0.08374 6 17 13
-0.10763 0.21703 6 28
0.00282 -0.29214 5 42 7
-0.33256 0.09872 27 4 39
1.00000 0.04358 
-0.27956 0.06751 25 47
-0.04576 0.13266 41 6 43 23 38
0.17698 -0.00202 33 0
-0.20565 0.18793 2 16 47 38
0.11531 -0.11135 9 21 44
-0.12148 -0.09198 47 34 5
0.06673 -0.05826 11 29 49 9 13
-0.02782 -0.09844 21 32 49 1
0.13450 -0.13228 9 43
-0.25717 -0.14306 19
-0.27930 -0.20557 12
-0.07170 0.23848 30 20 28 3
-0.28513 0.02432 19 25 2
0.74833 -0.78958 
-0.00895 0.19225 49 3 28
-0.06000 -0.29461 5 24
0.01153 -0.05523 45 5 28 35
0.11381 -0.01301 21 10 31 18 0
0.04719 -0.13236 14 43 1
0.02215 0.09667 18 6 0 14
-0.16232 0.03755 19 32 30 27 49
0.08183 -0.00648 18 14 21
-0.00364 0.04787 17 41 34 18 33 47 0
