100
-0.04750 0.01264 27 62 88 38 15 17
-0.03750 0.13901 57 53 3
-0.14867 -0.03707 61 70 85 40
-0.07972 0.03617 35 6 32 12 60 41 1 70
-0.17116 -0.09480 88
-0.13445 -0.16539 89 55 90 22 35
-0.18042 0.04796 3 95 40 99 77
0.15669 0.03466 37 94 57 43 26
0.02597 0.24959 42 86
0.03852 0.08322 64 33 97 96 70 72
-0.09998 -0.05348 60 16 50 71 85 84
0.07871 -0.14434 96 58 29 39 38 91 70
-0.02127 -0.03739 19 3 89 69 57 93
0.04429 0.30669 45 49 66
0.05034 0.08977 15 95 96 88
0.07372 0.08940 14 69 86 0 47
-0.17164 -0.03405 10 62 34 65
-0.01343 -0.11922 70 85 46 0 83
-0.13492 0.04284 52 53 67 35 54
-0.01781 -0.16818 12 83 99 91
-0.01832 0.00819 70 69 42 43 99 68 41 84
0.21230 0.15595 57 26
-0.09091 -0.21678 39 70 5
0.09420 -0.21217 29 61
0.08579 0.02679 81 30 41
-0.23953 0.14853 65 78
0.18602 0.11093 97 36 7 94 21
-0.15445 0.12209 0 79 40
0.19748 0.04318 75 56 54
0.18262 -0.16348 11 23 47
0.04468 0.03780 46 32 79 72 36 66 24 84
-0.00256 0.12930 60 88 78 97
-0.00074 -0.02698 90 30 61 74 3 85 41 44 42
-0.09820 0.17877 73 9 71
-0.00643 -0.09235 69 50 16 58 44 46
-0.11203 -0.03627 3 68 61 52 18 60 5
0.10361 0.05536 26 58 37 30 95
0.11346 -0.02257 7 88 46 56 36 42 92
0.01203 -0.12097 48 0 80 11 81 83 72
-0.02390 -0.20866 22 11 48 92 90 80
-0.20537 0.09262 78 6 67 2 27
-0.01342 0.08336 85 45 88 3 64 32 86 24 20
0.03459 0.10693 8 20 45 98 37 32
0.03923 -0.04468 7 99 20 55 61
0.05743 -0.17043 87 34 32
0.00635 0.18823 13 74 41 78 42
0.07985 -0.11128 30 37 87 17 83 34
0.18584 -0.02932 29 94 15
-0.06283 -0.14603 38 39 88 51
-0.00943 0.34082 13 86
0.01871 -0.07869 59 10 54 34 51
-0.12413 -0.04876 68 53 63 50 65 90 48 88
-0.04735 -0.02057 18 81 35 60 58
-0.11370 0.11069 51 86 18 79 1
0.03228 0.01833 50 68 69 28 18
-0.03889 -0.10399 5 58 84 43 98
0.22420 -0.00010 96 37 28
0.08592 0.07929 7 21 1 12 98 69
0.06374 -0.05577 11 36 55 34 94 52
0.17566 -0.09121 75 50
-0.03999 0.04208 31 94 10 3 93 52 35 62
-0.02869 -0.09994 32 88 2 99 35 23 43
-0.13334 0.06028 95 0 16 60
-0.18132 -0.13832 51 84
0.05525 0.18129 9 41
-0.25138 0.02500 25 77 51 16
0.08249 0.21203 93 13 82 30
-0.26597 0.09566 40 18
-0.07170 0.01632 51 93 35 99 54 20
0.02226 0.00531 15 20 34 93 84 54 12 95 96 57
-0.03687 -0.06913 20 22 17 2 11 84 9 3
-0.12174 0.01364 80 10 95 99 33
0.09150 -0.03061 30 38 9
-0.16248 0.30457 33
0.03777 0.06355 99 32 78 45 98 94 75 96
0.18812 0.00452 59 28 74
1.00000 -0.80407 
-0.31632 0.05196 65 6
-0.09704 0.15703 86 74 40 45 31 25
-0.07330 0.14096 30 53 27
-0.09095 -0.15497 90 71 38 39
0.04301 -0.07610 24 52 38 84
0.14471 0.33662 66
0.01365 -0.18335 19 84 38 46 17
-0.05154 -0.08427 89 90 69 55 83 81 63 30 70 20 10
-0.07764 -0.03953 41 32 17 10 2
-0.02368 0.20348 78 53 15 8 41 49
0.12624 -0.21392 46 44 92
-0.02070 -0.02380 37 31 4 61 0 48 14 41 92 51
-0.12564 -0.13443 84 5 12
-0.08932 -0.13589 80 32 84 51 5 39
0.05167 -0.26297 11 19
0.06332 -0.14201 87 39 88 37
0.01638 0.07872 68 69 66 60 12 96
0.12174 0.03675 7 60 47 26 74 58
-0.05214 0.07299 62 14 6 71 69 36
0.10193 0.00879 11 56 14 69 9 93 74
0.11593 0.16606 26 9 31
0.01554 0.03003 42 74 55 57
-0.06334 -0.02843 74 68 43 61 20 71 6 19
