80
0.14064 0.33483 48
0.14397 0.06765 66 57 55 71 19
0.05789 -0.05645 51 25 46 19 6
-0.16057 -0.09606 8 7 58 41 21
-0.05607 -0.03300 62 47 51 57 58 25 24
-0.00721 -0.07081 73 18 79 43 7 64 10
0.14525 -0.08369 19 22 44 2
-0.05664 -0.13929 26 5 3
-0.26689 -0.04403 76 3 35 63
0.08064 -0.13364 46 24 73
0.08729 -0.01276 59 11 46 74 5
0.02953 0.03298 18 10 53 39 12 49
-0.09459 0.04755 56 18 11
-0.12079 0.14346 65 43
-0.07854 -0.15950 47 45 79
0.22659 -0.20319 73
0.03209 0.10031 29 45 48
-0.21530 -0.26942 68
-0.01283 -0.00216 21 5 11 26 12 60 28 65 31 66 77 36
0.12826 -0.03460 26 6 2 1 73 57
0.00476 -0.03445 78 22 44 49 75
-0.08343 0.01932 18 65 76 49 74 3
0.09301 -0.05743 20 26 6 59 60 78
0.00842 0.15834 37 54 33 29
-0.03367 -0.11444 66 79 36 9 42 4
-0.07323 -0.02819 54 2 41 4
0.03317 -0.08868 38 7 18 47 19 22 45 44
-0.05599 0.19308 70 65 48 30
-0.08199 -0.00890 41 76 78 18 51
0.06511 0.10525 49 74 16 65 46 55 23
-0.12002 0.23889 62 72 27
-0.00887 0.11573 33 78 18
-0.15108 -0.29334 58
-0.05455 0.20765 72 62 31 53 23
0.10369 0.35214 48
-0.22986 0.03637 64 8 70
-0.11406 -0.04289 24 56 47 18
0.06981 0.07635 23 50 44 43 51
0.13908 -0.14970 26 39
0.13638 -0.05711 66 38 11
0.80461 -0.78565 
-0.16231 -0.06069 28 67 3 25
-0.15865 -0.13482 24 67
-0.06786 0.04336 5 67 13 54 37
0.09554 -0.03289 20 37 6 26
-0.04352 -0.07702 14 26 68 16
0.11244 -0.01375 9 10 2 29
-0.09253 -0.05671 14 4 26 76 36 70
0.07468 0.24521 71 0 34 27 16
-0.01227 0.06187 29 54 21 20 11
0.18823 0.12657 37
0.01424 -0.00108 69 2 4 60 37 28
1.00000 0.32579 
-0.02902 0.12322 57 70 11 33
-0.07365 0.08110 49 23 64 25 43
0.15992 0.14327 1 29
-0.19490 0.02207 12 36 70 61 75
0.05950 0.04144 53 1 60 4 74 19
-0.12476 -0.17739 32 4 3
0.17820 -0.07787 10 73 22
0.08199 0.01374 57 51 18 22
-0.31289 0.05053 56
-0.11518 0.11543 4 33 30 76
-0.37688 -0.06806 8
-0.13189 0.01271 35 54 5
-0.04687 0.10089 21 27 13 29 18 69
0.07032 -0.04189 1 24 39 18 77
-0.17808 -0.03983 43 41 42 76
-0.14931 -0.17162 17 45 75
-0.05407 0.01954 51 75 78 65
-0.13532 0.08166 53 56 27 35 47
0.15998 0.19623 48 1
-0.09717 0.30341 33 30
0.13470 -0.12858 5 15 59 19 9
0.02832 0.06152 29 21 57 10
-0.12644 -0.05736 69 68 76 56 20
-0.16292 0.00176 8 28 21 47 75 67 62
0.05751 -0.09968 66 18
0.00369 0.01853 20 28 69 31 22
-0.02680 -0.18112 5 24 14
