90
-0.14321 0.26004 76 16 55
0.12565 0.00386 86 15 72
0.22820 0.07690 32 63 37
1.00000 -0.23109 
-0.15601 -0.12071 69 20 75
0.01930 0.17034 85 36 33 47
-0.27723 0.07605 44
0.28830 -0.97729 
0.07033 0.01189 86 9 58 26 21
0.08317 0.14528 71 8 11 17
-0.09101 -0.02070 44 87 60 21 18
0.12188 0.19140 32 27 9 39
-0.06283 0.08650 66 40 47 42 87
-0.20740 -0.03953 67 62
-0.22871 0.00537 57 20 23
0.16989 -0.03223 38 47 53 1
-0.09752 0.31158 0 43 36
0.12269 0.24782 9
-0.01023 -0.00873 32 84 59 10 48 67 82
-0.13164 -0.20652 65 69 31
-0.16529 0.00255 41 14 73 29 4 59 42
-0.01460 0.03280 37 10 44 8 52
0.10921 -0.17845 50 38
-0.25398 0.06420 44 14
0.10721 -0.01735 46 72 58
0.00007 0.05324 87 71
0.02910 -0.07879 46 69 8
-0.00852 0.17286 48 11
-0.02990 0.13690 36 66 52
-0.25428 0.02050 62 80 20
0.19528 0.12415 37 83
-0.20463 -0.31481 49 19
0.13782 0.04152 2 18 11 38
-0.00643 0.13536 67 36 5 72
0.24888 -0.15744 38
-0.09026 -0.81947 68
-0.03457 0.22575 5 33 28 16
0.10681 0.06659 59 21 30 2 72
0.16792 -0.09160 34 15 32 22 58
0.18167 0.31928 11 54
-0.14142 0.15612 80 12
-0.12952 0.05401 20 71 45 88
-0.15297 0.07021 87 76 64 20 12
-0.09653 0.28459 16 55
-0.15190 0.04802 61 23 10 21 84 55 6
-0.09819 -0.05938 52 41 64 50
0.04336 0.00183 24 26 66 87
0.03351 0.03022 5 15 65 12
-0.12468 0.07671 88 70 27 73 18
-0.25599 -0.38997 31
-0.00073 -0.16333 22 45
-0.05918 0.03472 81 87 86 59 55 57
-0.04144 0.00379 86 45 65 28 21
0.27321 -0.06432 15
0.21918 0.40995 39
-0.06929 0.18117 89 56 43 66 85 44 51 0
-0.04078 0.32940 55 77
-0.14447 -0.03278 14 65 51
0.07903 -0.07224 8 24 38 84
-0.02623 0.02133 37 81 89 18 51 20
-0.13276 -0.10247 65 10
-0.28051 0.04376 44
-0.28950 -0.04728 29 70 13
0.32908 0.10820 2
-0.18239 -0.02229 45 42
-0.07596 -0.08242 19 60 47 57 52
0.03002 0.12052 12 46 55 28 83
-0.08692 0.04065 89 33 13 18
-0.09613 -0.87197 35
-0.07011 -0.12133 87 19 4 26 81
-0.24146 -0.00346 62 48
-0.03071 0.11790 72 41 9 25 80 78
0.06018 0.07199 71 89 24 1 37 33
-0.21068 0.06330 20 48
0.81859 -0.73824 
-0.10825 -0.16053 84 4
-0.19470 0.19303 0 42
-0.01810 0.42878 56
0.03859 0.20508 71
0.91172 -0.31968 
-0.16714 0.10863 40 71 29
-0.02442 -0.05330 51 69 59 86
0.03573 -0.11843 18
0.14614 0.15434 66 30
-0.05450 -0.06261 75 18 44 87 58
-0.01223 0.25179 5 55
0.02916 -0.01858 52 8 1 51 81
-0.06168 -0.00452 69 25 10 51 46 42 84 12
-0.19694 0.11632 48 41
-0.02420 0.09471 67 55 72 59
