60
0.44765 0.13903 2 37 41 43 42
-0.28994 -0.32338 35 23 5
0.70071 0.27805 0
-0.15646 0.41833 16 13 44
-0.34957 0.02273 38 40 12 49
-0.42191 -0.29905 35 1 56 7
0.14387 0.14106 8 21 9 39 35 42
-0.12833 -0.42738 58 10 24 5
-0.00754 0.25760 6 59 30 12 54 52 16
0.04217 0.19652 17 6 36 40
-0.07503 -0.20073 16 25 7 33
-0.70512 0.31573 22 47
-0.05192 0.05071 8 21 32 4 52
-0.00867 0.57810 37 45 3
0.45446 0.07221 15 36
0.49285 -0.16176 43 14
-0.02476 0.13539 33 10 3 54 36 8
0.22717 0.32435 9 59 39
-0.04330 0.18466 34 46 42 44 57 54 50 47
0.28621 0.04145 42 59 33
-0.11360 -0.03473 59 31
0.20078 -0.01749 6 12 32 42 43
-0.85874 0.10389 56 11
-0.12039 -0.17251 25 1 43 38
0.17529 -0.45385 32 55 43 7
-0.30919 -0.21902 23 49 10 35
0.53386 -0.89455 55 53
0.38128 -0.50859 43 55
-0.33843 0.11178 30 35
-1.00000 -0.21263 56
-0.14467 0.28714 8 46 28 45 54 36
-0.22911 -0.13995 58 46 20
0.17080 -0.16732 35 24 21 12 41
0.11402 -0.06985 16 57 10 43 19 59
0.08058 0.03444 18 59 43 44
-0.16230 -0.12251 32 1 25 5 6 28
0.16809 0.25043 37 14 9 16 59 30
0.26729 0.43504 0 13 36
-0.18234 0.17231 4 50 45 52 44 59 46 23
0.34789 0.37354 17 6
-0.27248 0.01392 4 49 9
0.55218 -0.05219 0 32 51
0.26339 0.14932 19 18 21 0 6
0.23318 -0.21695 58 15 23 27 24 33 0 34 21 48
-0.07482 0.26684 38 18 54 34 3
-0.21658 0.47494 38 30 13
-0.24878 0.15869 30 18 50 31 38
-0.38624 0.34112 52 11 18
0.33696 -0.40955 57 55 43
-0.50830 -0.10810 25 40 56 4
-0.17364 0.35152 38 46 52 18
0.83617 -0.02083 41
-0.19256 0.30363 8 38 50 47 12
0.45924 -0.92869 26 55
-0.03213 0.36164 8 16 44 30 18
0.38805 -0.68413 26 24 53 27 48
-0.74641 -0.15314 22 49 5 29
0.21014 -0.12407 33 48 18
-0.02212 -0.34563 43 7 31
0.08112 0.12246 8 20 34 38 19 17 36 33
