50
0.19381 0.12018 23 2 26
0.15683 0.04757 32 5 30 47 23
0.09324 0.07713 43 6 19 34 42 26 0 10 4
0.00242 -0.02548 41 34 47 16
0.19344 0.02780 17 22 19 2
0.10410 -0.07474 26 21 1 47 36 48
-0.00439 0.12162 2 34 14 37 7 8 23
-0.05814 0.18140 27 20 6 12
-0.10652 0.10453 24 25 10 6
-0.05559 -0.18127 40 14 15 28
0.01586 0.08954 34 32 23 8 2 41 19
-0.07630 -0.05478 49 31 21 19 29 43
-0.08882 0.12956 34 33 43 7
0.16536 -0.16272 46 40 26 44
-0.02106 -0.03108 17 37 35 33 6 43 9 40 25
-0.13630 -0.14695 35 29 9
0.05385 -0.13979 21 38 3
0.13173 -0.03053 4 14 30
0.06330 0.14737 47 42 23 37
0.07281 0.00411 21 2 42 11 34 4 26 38 32 10
-0.06318 0.03681 25 48 7 21
0.02050 -0.08998 5 19 16 11 46 35 20 28
0.22291 0.05753 4 26 47
0.09755 0.13692 0 10 18 1 34 6
-0.22117 0.08618 41 8
-0.02289 0.01077 20 42 8 49 38 37 14
0.17653 -0.00542 5 32 22 2 19 13 0
0.02728 0.20496 7 47
0.02095 -0.20126 38 21 9
-0.08287 -0.01348 33 11 15 34 47
0.12021 0.03100 1 17 46 37 32
-0.20561 -0.06091 11 41
0.14206 0.07992 1 26 10 19 30
-0.11630 0.05602 29 14 12 41 37
0.00210 0.07108 12 10 3 6 2 19 29 23
-0.06865 -0.10684 14 15 21 43
0.12215 -0.22322 44 40 5
-0.02851 0.10346 14 6 39 30 33 18 25
0.05217 -0.08028 28 16 47 19 25
-0.12225 0.23404 37
0.02452 -0.16751 9 13 36 49 14
-0.12972 0.01009 3 24 49 31 33 10
0.09315 0.04196 46 19 2 18 25
-0.03625 0.01962 47 2 14 48 12 11 35
0.18937 -0.28275 36 13
-1.00000 0.03428 
0.14539 -0.07427 13 42 21 30
0.06039 0.04362 43 18 3 38 5 1 29 22 27
-0.02313 -0.06169 20 43 5
-0.09631 -0.09414 11 41 40 25
