70
-0.05881 0.06458 62 28 10 26 17
0.44856 0.11621 60 12 18 53 47 69
-0.36476 0.08303 17 9 61 34 31
-0.85507 -0.19167 13 4 15
-0.66065 -0.53223 42 3 37
-0.59156 -0.02093 34 65 61
0.04583 -0.21893 43 26 46 28 41 53 20 54 60 38 40 48
-0.07512 0.50556 50 36 62 65 24 22
-0.01524 0.24699 35 19 28 65 34
0.00525 0.07210 52 2 31 46 50 59 27 28 23
0.18791 -0.19774 33 44 38 0 18 17 61 27
0.26583 0.59526 38 47
0.75030 0.01669 1 48 67
-0.65705 -0.21121 59 16 3 66 39
0.45624 0.81358 25 30
-0.52408 0.15922 61 20 62 3 63 31
-0.46071 -0.10992 13 21 45 63 34 65 42 40
-0.19596 -0.00223 2 65 66 10 22 60 21 0
0.48210 -0.17583 55 26 1 10
0.49543 0.17857 22 8 55
-0.27731 0.15484 35 15 6 68 62
-0.60113 0.10527 31 16 17 68
0.14530 0.21763 19 64 17 48 62 27 7
0.34183 -0.06683 64 9 27
0.11782 0.79522 50 49 7
0.34356 0.58329 14 49 48 53
0.00796 -0.17579 36 40 18 6 43 64 39 0
0.01608 -0.09720 39 9 34 10 22 40 23
0.14961 0.04399 47 38 0 64 6 8 61 29 9 50
0.12894 -0.40496 40 56 57 28
0.23317 0.44721 69 14 60 63
-0.43019 0.31959 9 21 35 2 15
-0.78144 -0.79711 54
0.29364 -0.54960 10 37 67
-0.31572 -0.11852 5 53 66 16 27 2 54 8
-0.21773 0.45353 20 31 8 38
-0.27480 0.28327 26 59 7
-0.14694 -0.45418 33 61 4 60
0.07996 0.18708 10 28 11 35 6 45
-0.26367 -0.25462 27 13 26 53
-0.08815 -0.22052 26 29 51 54 50 6 27 16
0.14608 -0.73238 6
-0.75125 -0.43886 4 54 16
-0.03733 -0.56814 6 26 56
0.64994 -0.40044 10 57 55
-0.10460 -0.08153 64 16 38
0.04918 -0.44138 56 9 6
0.44131 0.37402 28 11 1 48
0.45896 0.25484 22 12 58 50 25 6 47
0.31725 1.00000 25 24
0.15531 0.33643 7 9 69 40 48 24 28
0.23199 -0.34860 57 40 53
0.55222 0.09095 9
0.03952 0.02613 64 65 34 51 6 1 68 39 25
-0.42852 -0.47192 42 32 40 6 34
0.79010 -0.14966 18 19 44
-0.22338 -0.48629 46 29 43 66 68
0.43065 -0.40679 51 60 29 44 67
0.88586 0.46971 48
-0.48031 0.07764 36 13 9
0.14660 -0.05496 1 63 57 30 17 6 37
-0.23671 -0.11754 37 2 15 10 5 28
-0.20620 0.35298 0 15 22 7 20 63
-0.17741 0.19272 60 16 68 15 30 62
0.26221 -0.10063 45 53 67 28 22 23 26
-0.31761 0.20463 53 17 16 5 8 7
-0.47455 -0.32331 17 34 13 56
0.58898 -0.32821 64 12 33 57
-0.34152 -0.05363 20 56 53 63 21
0.49399 0.48150 30 50 1
