60
0.93871 -1.00000 
-0.24775 0.09778 46 14
0.01589 0.07474 22 42 46
-0.08007 -0.07581 20 26 31 13 14 40 17
-0.07429 -0.12460 12 8 10 28 33
-0.04805 0.20958 41 19 6 37 39 42 12
-0.18103 0.17782 41 46 5 26
-0.28935 0.20441 19
-0.23308 -0.17663 34 4
-0.08411 0.11791 46 45 24 26 55 41
0.00483 -0.29661 4 30
0.15140 -0.11604 55 53 56 25
0.02546 0.04708 54 14 4 57 13 5 45
0.05317 -0.12876 3 12 56 17
-0.08579 0.06930 12 21 43 1 45 3 35
0.04582 -0.20640 25 49 22 30 38
0.00554 -0.20625 17 38 51 53 47 36
-0.05438 -0.14666 49 16 28 3 13 35
-0.03743 0.07411 55 26 19 40
-0.13043 0.12250 41 5 18 7 49 33
-0.06417 0.03069 3 45
0.03933 0.16481 14 27 40
0.09773 -0.13393 30 2 15
-0.21792 -0.34891 31 47
-0.09225 0.03747 29 26 34 49 9
0.05154 -0.07509 15 52 49 11 32
-0.15246 0.03883 24 3 18 9 6 35
0.14022 0.29175 58 21 29
-0.08135 -0.02415 17 54 4
0.10611 0.15734 24 57 42 27
0.10255 -0.28441 22 15 10
-0.14740 -0.22653 38 23 3 52
0.13091 0.08466 51 39 59 25 43 42
-0.01669 0.02448 54 43 40 51 53 19 45 4
-0.22283 -0.07573 24 8 52
-0.13386 -0.07899 53 26 14 17
0.10882 -0.09177 51 40 55 16
-0.08527 0.29974 45 5
-0.04716 -0.29679 31 16 15
0.09375 0.22195 32 43 5
0.00710 -0.00646 36 52 33 3 21 18
-0.14125 0.23976 19 6 5 44 54 9
0.07313 0.19201 29 2 5 32
0.04461 0.12841 14 33 39 54 32
-0.23291 0.37627 41
-0.05881 0.14609 37 14 9 20 33 12
-0.16040 0.07905 6 1 9 2 52
-0.13167 -0.31436 16 23
0.38093 0.11044 57
-0.04042 -0.06115 17 25 24 15 19
0.07176 0.33575 58 54
0.09820 -0.05393 36 32 16 33
-0.11636 -0.06964 40 25 31 34 46
0.00753 -0.12133 11 35 16 33
-0.01860 0.16094 12 33 28 50 41 43
0.10177 0.02765 18 11 59 36 9
0.19300 -0.20779 11 13
0.21787 0.09113 48 29 12
0.15756 0.41470 27 50
0.24231 0.09960 32 55
