90
-0.02764 0.06642 23 69 43 18 76 16 14 20 17
0.02731 0.10550 61 53 70 31 64 72
0.20074 0.06438 10 38 20
0.04650 0.20294 23 5
-0.20688 -0.19691 33
-0.01202 0.16990 67 27 65 3
-0.06365 0.21373 57 72
0.01299 -0.07387 35 62 71 86 12
0.15643 -0.24674 47
-0.06709 -0.06143 42 64
0.18414 0.00583 18 83 2 30
-0.06113 0.07315 65 79 78 64
-0.04834 -0.16845 48 86 56 7
-0.07884 0.07972 70 54 50 18
-0.04566 0.03916 36 23 0 76
0.06949 -0.19370 47 89 34 60
-0.13290 0.12887 25 0 79
0.01820 0.15394 57 23 0
0.06201 0.01899 10 0 59 13 85
-0.01866 0.00766 25 32 69 24
0.07832 0.03440 61 2 57 52 47 0 77
0.14469 0.15868 59 58
0.07343 -0.09585 88 24
0.05214 0.08462 0 51 71 83 17 3 14
0.04992 -0.01665 53 64 60 69 68 22 19
-0.11393 0.06377 19 16 77
0.01762 0.07447 35 88 79 67
-0.09694 0.10308 72 45 5 57 49
0.22746 -0.22561 34
-0.15299 0.02312 69 43 36
0.15484 -0.04215 34 85 61 10 59 32 75
0.12461 0.19477 38 1 52 63
0.05791 -0.02773 35 77 30 19
-0.13337 -0.10717 78 4 70
0.14747 -0.14783 30 84 15 28 86
0.11154 0.02204 32 26 7 84 38
-0.10866 -0.00661 14 70 62 82 29
-0.10808 -0.06001 77 45 62 56 71
0.21187 0.12861 2 31 46 35
-0.24373 0.14418 43
-0.14740 -0.08871 45 60 42 73
-0.18334 0.22628 79
-0.10363 -0.01865 9 70 40 65 49
-0.13610 0.09105 74 77 0 39 29
-0.03094 -1.00000 
-0.15091 -0.01697 37 40 50 76 27 73 77
0.30901 0.18012 38
0.10165 -0.14602 15 89 20 8
0.00024 -0.12726 70 12 87
-0.12853 0.02726 79 55 27 42
-0.20634 -0.00486 45 66 13
0.12621 0.07967 53 23 81 67 68
0.16000 0.13321 20 31
0.09301 0.09906 24 1 51 58
-0.03289 0.22458 63 13
-0.07114 -0.10245 49 69 89
-0.17578 -0.16628 80 37 66 12
-0.00189 0.12751 20 6 17 61 27
0.07066 0.17163 74 21 53
0.10208 0.04943 68 21 71 81 30 18 65
-0.01917 -0.11910 76 24 86 40 15
0.05474 0.03982 78 20 1 30 57 64 84 67
-0.08409 0.01360 37 7 36 72
0.05762 0.27821 54 31
0.01001 0.02655 24 1 61 84 9 74 11
-0.01338 0.07979 11 5 59 42
-0.25420 -0.10574 73 50 56
0.06815 0.12967 5 61 51 26
0.15207 0.02522 59 83 51 24
-0.03080 -0.01785 0 29 24 19 55 81
-0.06000 -0.00169 13 36 1 48 74 33 42
0.01210 -0.00762 59 23 7 37
-0.06559 0.13793 27 6 74 62 1
-0.22917 -0.07839 66 45 40
-0.03833 0.10763 58 43 70 72 64
0.26572 -0.07738 30
-0.06166 -0.03655 88 60 45 0 14
-0.05954 0.01714 37 43 32 25 45 20
-0.05800 -0.01934 61 33 11
-0.10833 0.13409 49 41 26 11 16
-0.25046 -0.24714 56
0.07727 -0.00791 59 84 83 82 51 69
-0.01578 -0.05705 81 88 36
0.13370 -0.01468 87 10 68 23 81
0.10382 -0.03837 34 35 81 64 61
0.12393 -0.08527 30 18 86
0.05314 -0.14864 60 12 34 7 87 85
0.09972 -0.12179 83 86 48
0.01731 -0.04139 76 22 26 82
0.01615 -0.19356 47 15 55
