90
0.11422 0.00593 85 84 29
-0.09000 0.15863 70
-0.01177 0.21124 13 31 24 11
-0.06172 -0.04160 25 42
-0.27134 0.31234 71
0.46025 0.83491 44 46
0.03337 0.00449 14 59 87 17
-0.23358 -0.00458 20
0.29687 -0.06334 85
0.88190 -0.47284 
-0.23696 -0.16825 86 66
-0.03258 0.10656 49 20 84 2
0.21980 -0.21438 77
-0.05758 0.18199 2 17
0.01150 -0.06119 6
-0.16132 0.14457 17 20 71
-0.17904 -0.37743 58 34
-0.06323 0.08298 15 78 29 32 83 20 13 6
0.11861 -0.10788 77 59
-0.77777 0.65483 
-0.15791 0.04760 7 15 89 35 17 62 11
-0.00676 -0.16585 34 36 47 68
0.20123 -0.15861 54 48 55
0.23978 0.07870 87 41 43
0.03674 0.14892 78 83 2 63 70
0.10379 -0.07958 85 3 76
0.68841 -0.77361 
0.27909 -0.01218 79 69
-0.19729 -0.11354 36 52 64 88
0.02373 0.04854 17 33 0
-0.46227 0.09761 75 56
-0.00992 0.30341 2
-0.18607 0.05614 82 17 66
0.05115 0.06906 83 29 49 59
-0.11912 -0.27750 21 86 16
-0.15866 -0.06721 20 52
-0.08657 -0.06691 28 70 21
0.14390 0.05334 84 87
0.34964 -0.15539 69 53
-0.23450 -0.83330 
-0.13688 0.04366 70 66
0.20964 0.12586 63 23 79
-0.22423 0.00586 61 75 3
0.31413 0.13134 23
0.47134 0.88644 5
-0.96395 -0.29976 
0.50038 0.82394 5
0.08604 -0.09370 21 87 60
0.30333 -0.16595 76 22 74
0.02525 0.12902 11 33
-0.01761 -0.21873 52 54
-0.97580 -0.01263 
-0.13052 -0.16364 50 88 35 28
0.41703 -0.21497 38
0.10171 -0.21210 22 50 68
0.15457 -0.05024 83 22
-0.53568 0.13168 30
-0.01213 0.98114 
-0.24299 -0.44297 67 80 16
0.07662 -0.01406 6 84 18 33
0.15953 -0.03594 47
-0.29596 0.02059 62 42 64 82
-0.25033 0.06437 61 20
0.13566 0.18043 41 24
-0.30893 -0.05680 81 28 61
0.93992 -0.18372 
-0.20357 -0.04186 10 32 40
-0.27833 -0.51334 58
0.12622 -0.16106 69 54 21
0.24837 -0.08676 38 68 27 79
-0.04288 0.07380 1 36 78 40 24 83
-0.22514 0.24186 4 15
0.81910 -0.32631 
-0.22727 1.00000 
0.39379 -0.18334 48
-0.36217 0.04418 81 30 42
0.22414 -0.13154 48 25
0.17745 -0.12659 18 87 12
-0.02799 0.13948 24 17 70
0.20619 0.02936 27 83 41 69
-0.25186 -0.37409 58 86
-0.38682 -0.01708 64 75
-0.27786 0.08067 32 61
0.07057 0.06132 55 33 24 17 79 70
0.06852 0.04674 0 59 11 37
0.19885 -0.05075 0 25 8
-0.21738 -0.28054 10 34 80
0.14756 -0.01410 23 6 47 77 37
-0.19405 -0.18174 52 28
-0.24362 0.02594 20
