40
0.18320 0.15352 38 17 19
0.03816 0.20079 18 17
0.34744 -0.06772 27
-0.16323 0.07610 15 35 23
-0.06522 -0.06557 24 17 14 34
-0.09491 0.17676 9 6
-0.25520 0.05740 5 7
-0.30106 -0.11917 14 6 21 37 31
0.20352 0.10165 27 17 11
0.08438 0.11502 5 27
-0.10164 -0.18477 35 26 14 37
0.22424 0.22412 19 8
0.13101 0.01339 29 19 15 24 38
0.62728 -0.96371 
-0.22159 -0.17902 7 21 10 4
-0.02450 -0.00722 30 3 32 18 12 16
-0.02810 -0.13485 36 15
0.05022 0.06686 26 0 8 1 33 28 4
0.00791 0.09773 1 15 19 34 36
0.10444 0.16625 33 11 12 18 0
-0.31494 0.33074 23
-0.36229 -0.23851 14 7 22
-0.46857 -0.32662 21
-0.21018 0.22645 3 20 33
0.06841 -0.13671 39 4 37 12 27
0.68980 1.00000 
0.03063 -0.09946 10 17 36 29
0.19642 -0.02381 8 32 29 2 9 24
-0.05665 0.01308 35 17 36
0.13461 -0.08711 12 27 36 26 32
-0.18107 -0.03236 15
-0.43355 -0.10319 7
0.11789 -0.05034 27 15 29
-0.05335 0.17110 34 19 17 23
-0.08072 0.08229 33 18 4
-0.11951 -0.06587 10 28 3 37 36
0.00743 -0.04733 35 16 26 29 28 18
-0.13234 -0.15725 35 24 7 10
0.26584 0.09017 0 12
0.15580 -0.27284 24
