60
0.06256 -0.00437 15 57 38
-0.06350 -0.26279 50 40
-0.11742 -0.17723 13 20 34 56 31
0.18503 0.03245 9 55 15 46
1.00000 0.27864 
0.16006 0.20658 17 19
-0.33556 -0.03145 31 37
0.87593 -0.41453 
0.26703 -0.26186 26
0.11480 0.06229 35 3 27
-0.02261 -0.01730 15 21 19 31
-0.23463 0.05447 53 44 33
-0.27881 -0.08740 31 39 47
-0.13411 -0.09688 2 36
0.17573 -0.13398 15
0.09902 -0.07595 26 14 0 58 38 10 53 43 3
0.26108 0.94209 
0.25576 0.20953 51 5 23
-0.17184 -0.11147 53 21 32 36 22 39
0.06282 0.12665 10 5
-0.08338 -0.15613 21 2
-0.05691 -0.09126 20 18 10 59
-0.24373 -0.19770 18
0.31982 0.27989 17
0.25046 -0.03845 27
-0.17060 0.02076 53 45 47
0.20033 -0.18457 15 8
0.14259 -0.03293 51 24 9 59 34
0.05506 0.10312 46 57 35
0.61167 0.72065 
0.03996 -0.27249 34
-0.18175 -0.09146 12 32 40 6 2 10
-0.23263 -0.13914 31 18
-0.36005 0.07085 37 11
0.01655 -0.16114 2 30 40 27
0.00869 0.10988 45 9 28
-0.11836 -0.01295 57 13 18 45
-0.44962 0.03871 42 6 54 33
0.11719 -0.02083 15 0
-0.27658 -0.14254 12 18
-0.08863 -0.19082 31 34 1
-0.39721 0.90572 
-0.54224 0.03746 37
0.20015 -0.09945 15
-0.29029 0.13731 11
-0.09928 0.07583 35 25 36
0.15077 0.11553 28 3
-0.26639 -0.01697 12 25
0.05647 -0.23377 50 58
0.50680 -0.83036 
-0.03013 -0.18306 53 1 48
0.22540 0.09559 27 17
-0.82500 0.55023 
-0.08439 -0.04352 11 50 18 25 15 57
-0.53089 0.08528 37
0.29097 0.05683 3
-0.16278 -0.27870 2
-0.02389 0.03119 36 28 0 53
0.11212 -0.18280 15 48
0.04838 -0.07127 21 27
