100
0.16228 0.01831 54 37 63 68 4
-0.17807 -0.03382 15 36 21
-0.16737 0.02789 86 22
-0.18034 0.12479 16 29 82
0.15264 -0.08553 93 23 42 0 80
-0.14302 -0.16535 77
0.05981 -0.18704 67 71 98
-0.12952 0.05240 22 36 37 99
0.14406 0.03572 81 73
-0.95779 -0.00337 
0.19492 -0.13057 71 68
0.46399 0.03047 24
-0.07682 0.10852 39 89 77 79
0.11357 -0.03546 45 83 88
0.02863 0.07578 86 71 39 34 72 84 30 61
-0.12498 0.07987 53 1 39
-0.23054 0.07283 36 3 99
0.09976 0.20470 57 50
-0.01738 -0.03122 33 27 62 82 69 78 86
0.02462 0.10592 58 75 46 83 39
0.08595 0.07012 75 84 30 41
-0.14203 -0.13976 44 94 88 1
-0.08541 -0.00317 7 81 2
0.23684 0.00105 24 46 4 45
0.37103 0.01480 11 23
-0.10997 0.15246 61 38 52 49
0.01290 -0.05988 41 37 80
0.06321 -0.07015 18 83 31
-0.13907 -0.20232 92
-0.27859 0.17817 3
0.06461 0.07274 14 41 63 20
0.11313 -0.12540 87 47 56 27
0.02976 0.00186 65 88 53 57 84 46
-0.01147 0.06658 52 18 73 53 61
0.12612 0.16830 40 14 60
-0.04465 -0.29500 67
-0.14382 -0.00522 58 7 16 1 65
0.01159 0.03072 82 26 56 7 0 48 95
-0.01138 0.18781 25 63
-0.02868 0.14083 14 60 12 50 86 19 15
0.21903 0.13929 34 54 73
0.02695 -0.01090 26 30 80 20 91
0.11369 -0.18097 90 4
0.38324 0.07787 54
-0.23364 -0.19314 21
0.20731 0.03612 64 13 23
0.10025 0.05550 63 19 23 82 32
0.03956 -0.11747 98 84 92 31
-0.04355 0.11841 50 49 91 95 37
-0.10519 0.20522 48 25
0.01351 0.20357 48 39 17
0.10594 0.22888 60 89 64
-0.12941 0.02745 33 92 25 74
-0.04426 0.07882 15 32 33
0.28253 0.07619 0 40 43
-0.21093 0.04111 86 74
0.12110 0.00373 83 37 31 64
0.10218 0.09507 84 17 32
-0.08983 0.07897 19 36
-0.20830 0.97105 
0.05902 0.22343 51 39 34
-0.07759 0.14231 25 97 14 33
0.10340 -0.06371 68 18 81
0.09224 0.11882 46 0 38 30
0.17086 0.11881 45 51 56
-0.03522 -0.10909 32 90 98 67 36
-0.09924 -1.00000 
-0.02840 -0.18504 6 88 77 65 35
0.19944 -0.07316 62 0 10
-0.11222 -0.08590 18
-0.15215 -0.30283 94
0.09461 -0.07776 14 6 81 10
0.01146 0.14508 82 14
0.13124 0.10091 33 8 40
-0.24099 0.00833 55 52
0.08615 0.15702 19 20
-0.79985 -0.62627 
-0.06132 -0.08555 80 67 12 90 5
-0.02106 -0.13732 18
-0.14461 0.20882 12
0.01651 -0.12852 94 77 98 41 26 4
0.05298 -0.02748 8 71 22 62
-0.02304 0.07139 72 37 83 46 18 3
0.06405 0.02026 56 27 19 82 13 84
0.09233 0.00085 57 47 14 83 20 32 93
0.05899 -0.31466 98
-0.08872 0.05259 14 55 2 39 18
0.11587 -0.23096 31 98
-0.00857 -0.09880 21 67 32 13
-0.00449 0.22653 51 12
0.00856 -0.16925 42 65 77
-0.03639 0.04432 48 41
-0.08695 -0.09284 95 52 47 28
0.18924 -0.04757 4 84
-0.09340 -0.21655 80 21 70
-0.06223 0.00898 92 48 37
0.99178 -0.05718 
-0.18671 0.18362 99 61
0.03848 -0.20744 47 65 80 87 85 6
-0.22273 0.12161 97 16 7
