80
0.00113 -0.33525 46 19 24
0.32206 -0.19323 35 79 63
-0.05887 -0.09738 45 78
0.12964 -0.14424 35 27
0.26028 0.27132 13 23 55 33
0.41270 0.19033 57
0.16259 -0.29913 18 41
0.02229 0.13504 78 67 28 53 10
-0.05292 0.18370 62 10 69 61
0.12043 -0.55107 11 54
-0.09135 0.26336 17 8 58 68 7
0.04927 -0.54158 46 9
0.34097 -0.06221 73 34
0.15861 0.33394 4 16 69
0.21513 0.21051 28
0.19840 -0.10132 32 73 79 18
0.17388 0.42010 13
-0.11218 0.33532 10
0.11136 -0.20585 19 6 15
-0.02538 -0.21224 18 26 39 0
-0.94127 0.33699 
0.08301 -0.14437 45 24 32 27
0.02508 -0.24663 64 38
0.33467 0.24399 4 57
0.06645 -0.26423 64 21 0
-0.20689 -0.06912 65 51 78
-0.12960 -0.08081 38 31 19 62 78
0.01430 -0.09931 50 38 78 21 3
0.17119 0.14123 14 7 49 60 66
-0.18242 0.44754 68
-0.25727 0.37879 58
-0.28820 -0.07541 26 65 36 70
0.18742 -0.04686 15 48 21
0.31349 0.34556 4
0.38095 -0.15456 12 75
0.23489 -0.18334 3 1
-0.40652 -0.06081 43 31
0.59556 0.78823 
-0.05010 -0.15633 26 27 22
-0.00940 -0.26867 45 72 19
-0.87285 0.56606 
0.18434 -0.36165 64 54 59 6
-0.96379 -0.03598 
-0.48958 -0.05336 36
0.90872 0.30417 
-0.00163 -0.17564 2 39 21
0.00981 -0.45607 11 0
-1.00000 -0.19925 
0.26655 0.06878 57 32 55
0.17817 0.22262 28
-0.01823 -0.06403 27
-0.26500 -0.12837 25
-0.78716 0.74127 
0.13520 0.07694 73 7
0.16761 -0.47610 41 9
0.24140 0.13775 57 48 73 71 4
-0.25038 -0.02634 74
0.32372 0.16118 48 23 55 5 60
-0.18872 0.32763 10 30
0.23297 -0.26269 64 41 75 79
0.26655 0.17560 57 28
-0.00618 0.10105 71 78 8
-0.13045 0.06893 26 8 77
0.40618 -0.23676 1
0.12098 -0.30228 41 22 72 24 59
-0.30384 -0.09684 25 31 70
0.22055 0.00860 79 28
0.00757 0.20630 7
-0.14468 0.37039 10 29
0.04596 0.27991 13 8
-0.35619 -0.10040 65 31
0.11611 0.13201 61 55
0.04877 -0.33314 64 39
0.24315 0.01281 12 15 55 53
-0.17761 -0.00487 78 56
0.33654 -0.23831 59 34
-0.75622 -0.81931 
-0.20229 0.11274 62
-0.07496 -0.00393 74 2 61 26 7 27 25
0.25550 -0.13142 66 15 1 59
