50
0.39405 -0.13677 15 1 20
0.09285 -0.11004 18 42 37 0 49
-0.38276 0.07847 8 42 13 24
0.81383 0.03460 20 26 47
0.13342 -0.18996 23 37 25 19
-0.00695 0.24706 33 48 16
0.17746 -0.36527 7 44 48
0.27551 -0.57855 6
-0.34941 0.17906 2 45 40 27
-0.28312 0.25017 12 28
-0.50418 0.46200 33 17 28 32 24
0.34250 -0.43130 25 15
-0.10403 0.10373 21 9 23 22 18
-0.18590 0.01505 41 2 36 45
-0.24115 -0.03290 28 43 42 23 39
0.24946 -0.27265 0 43 44 29 11
0.09034 0.12973 22 43 5
-0.60760 0.64150 10
-0.02546 -0.05261 1 41 12
0.33855 0.00250 49 46 35 47 4
0.64965 -0.04554 3 0
0.02420 0.08049 12 49
0.04208 0.24869 40 16 46 36 12
-0.12402 -0.10916 45 4 14 12 37
-0.54090 0.25704 10 27 2
0.24573 -0.32829 41 4 29 11
1.00000 0.07050 3
-0.49347 0.15229 28 8 24 45
-0.42987 0.25344 14 9 31 10 27
0.39202 -0.37393 25 15
-0.10142 -0.71314 38
-0.56164 0.43176 28
-0.68433 0.56077 10
-0.25009 0.43144 5 10
0.05927 0.21036 49 40
0.27470 -0.11920 41 19
-0.11770 0.20112 13 22
-0.02053 -0.28771 1 4 23 38
-0.04837 -0.51102 44 30 37
-0.17725 -0.26082 44 14
-0.12686 0.28475 22 8 34
0.06349 -0.16943 25 13 44 18 35 48
-0.19698 -0.07716 1 2 14
0.02738 -0.11538 15 44 14 16
0.03841 -0.32374 38 39 43 41 6 15
-0.34037 0.02189 23 8 13 27
0.27179 0.20692 22 19
0.60597 0.03904 19 3
0.12359 -0.05638 41 5 6
0.17815 0.06659 21 34 19 1
