100
0.11668 0.50486 52 25 9 11
0.13532 0.15613 77 63 20 70 69 9
0.09097 0.03570 94 8 47 55 95 40 71
-0.11284 -0.36467 61 57 78 27 51 14
0.23223 -0.83296 92 41
-0.46977 0.27410 29 69
0.53252 -0.50550 30 82
-0.14558 -0.07282 20 29 64 96 25 39 72 76
-0.21509 0.01743 35 2 77 52 27 48
0.31764 0.34601 19 0 1
0.26746 -0.30376 44 54 41 56 82
-0.14073 0.65514 98 0 31
0.23182 -0.34432 71 94 28 56
-0.13093 0.49462 67 32 24 31 69
-0.16649 -0.30821 64 39 62 91 3 40 78
-0.16086 0.40296 87 66 21 95 98
-0.18007 0.17804 39 44 83 43 27
0.11251 -0.38351 88 92 51
0.15126 0.18225 51 22 47 88 38
0.23746 0.03509 9 90 63 54 72 81 99
-0.00323 -0.01038 72 7 1 28 88 24
0.09283 0.38038 15 98 24 68 84 49
0.06573 0.20063 18 72 37 32 63 68
-0.61111 0.24922 76
0.04146 0.35701 21 13 98 70 20 43
0.18457 0.27126 80 0 7 54 73
0.45755 -0.05867 34 75 56 49
-0.26334 -0.13698 40 8 3 16
-0.06262 -0.36069 61 50 12 20 92 53
-0.39582 0.03384 74 5 7 45 84 50 79
0.54295 -0.19702 63 6 93
-0.25129 0.35472 45 85 87 13 11
-0.00727 0.36678 39 13 47 42 22 80 75
0.42005 -0.17634 88
0.17317 -0.09601 49 65 96 90 62 26 77
-0.28515 -0.06989 88 8 76
-0.28725 0.06566 40 90 39
-0.14957 0.30104 44 45 22
0.01115 0.44379 42 18 84
-0.31637 0.00749 16 32 14 7 84 59 36 76
-0.08634 -0.08045 36 51 27 95 63 2 14 87
0.36529 -0.65186 97 4 10
-0.01335 0.67665 32 38 43
-0.07816 0.54151 80 16 42 24
0.05975 0.08762 10 93 16 79 37
-0.32070 0.13970 74 76 29 31 37 95 77
-0.53867 -0.44491 59 91
0.13220 0.26639 86 84 2 77 32 18 67 93
-0.43370 -0.03214 85 8
0.36369 0.13518 34 63 21 26
-0.39573 -0.29740 28 29
0.05393 -0.14704 63 40 18 17 3 85
-0.07252 0.24722 0 8 79 88
0.15103 -0.32928 81 70 62 71 89 28
0.14261 -0.00129 72 60 63 19 83 10 69 99 68 25
0.23420 0.15139 88 68 2 70
0.38157 -0.35646 97 10 26 12 78
0.10794 -0.46652 3 97 65 92 91
-1.00000 -0.32484 59
-0.69973 -0.24097 58 46 39
0.03355 -0.27264 54 77 96 92
-0.25953 -0.27307 28 3 88 74
0.06526 -0.42318 14 53 82 34
0.24799 -0.01737 51 1 49 54 19 30 40 22
-0.14026 -0.47927 91 89 14 92 7
0.25921 -0.13933 34 57 83 75 94
-0.39340 0.50626 15 79
0.05941 0.49434 90 13 86 47
0.06454 0.27578 55 90 86 21 54 22 76
-0.13000 0.26390 54 5 1 13
0.25498 0.07038 53 1 24 55
0.10176 -0.15787 12 99 87 77 53 2
-0.01005 -0.06025 20 54 76 19 22 78 7
0.48010 0.19593 25 94
-0.50084 -0.10180 29 45 61
0.33872 0.17960 26 65 32
-0.25484 0.12986 23 90 72 45 35 7 68 39
-0.04521 0.03749 1 8 71 47 60 79 45 34
0.05495 -0.35671 3 72 14 56
-0.25524 0.24169 66 44 77 52 29
0.12178 0.58769 25 43 32
0.24690 -0.19397 53 94 95 19 97
0.20440 -0.52842 91 62 6 10
0.04167 0.02645 88 65 54 16 84
-0.10920 0.11016 47 90 29 21 39 91 83 38
-0.11720 0.01604 48 94 31 88 51
0.21938 0.51474 47 68 67
-0.15816 0.12688 15 71 31 40
0.04003 -0.06521 95 55 35 83 17 20 61 18 85 52 33
0.01052 -0.65233 64 53
-0.01070 0.17834 76 67 68 19 84 34 36
-0.16012 -0.37886 64 82 14 46 57 84
0.05250 -0.57567 64 57 4 17 60 28
0.38616 0.05747 94 44 30 47
0.28197 -0.05678 2 93 12 81 85 65 73
-0.04281 0.08217 88 15 81 45 40 2
-0.04865 -0.25466 34 7 60
0.35504 -0.46103 99 57 56 41 81
-0.03167 0.59775 21 11 24 15
0.33380 -0.20946 97 71 19 54
