20
-0.32009 0.00453 14 8 9 12 11 1
-0.20263 0.48125 2 0 18
-0.19103 0.07618 8 12 1 19
-0.34535 0.22830 9 13 6
0.20284 -0.00741 15 5 18 7 13
0.36487 0.24137 6 4 18 8 11
0.15338 0.19375 5 10 9 3
0.28891 -0.43746 4 16 19 15 9
0.01038 0.11915 0 2 16 9 18 5
-0.08854 -0.14024 3 0 15 6 8 12 13 7 11
0.42886 -0.20901 15 6 11 19
0.14347 -0.13929 19 16 10 0 9 5
-0.26537 -0.34548 2 15 0 16 14 9 19
-0.41080 -0.11008 3 4 9 14
-0.66284 -0.27785 0 12 13
0.14292 -0.45295 16 4 10 12 9 7
-0.02527 -0.44313 15 8 12 11 7
0.46095 1.00000 18
0.23051 0.52866 17 4 8 5 1
0.08486 -0.31033 11 7 10 12 2
