50
-0.01152 0.05581 7 32 29 25 17
-0.02887 -0.19073 14 5 9 32
-0.02901 -0.01054 4 38 5
-0.19225 0.15446 23 39
0.05141 0.11842 2 19 21 24 30
0.00376 -0.14622 10 1 2
-0.00915 0.27606 41 35
-0.05929 0.03174 0 31 26 21
-0.04135 -0.14301 30 47 20 32 9
-0.06214 -0.26128 1 8
0.04541 -0.10624 5 21
-0.10261 0.40484 15
0.03416 0.01455 45 30 13 41 47
0.13415 0.01006 12 32 45 27
-0.13125 -0.14128 1 20 29
-0.05664 0.27340 43 35 19 22 11
-0.37260 -1.00000 
0.03120 0.12223 26 25 21 0
0.34187 -0.26858 28
0.02391 0.26065 4 15
-0.13996 -0.21942 14 8
0.01040 0.03964 38 4 26 17 7 10
-0.01633 0.10644 44 32 15
-0.23141 0.15435 3 44
0.09868 0.22768 25 4 35
0.00392 0.19408 17 24 0 38 40
0.08827 0.08485 35 17 7 36 21 45
0.12789 0.12558 41 13
0.27201 -0.17505 18 32 49 46
-0.10378 0.01277 44 41 0 14
0.04141 -0.01343 8 12 44 36 4
-0.19288 0.00255 7 38 42 47
0.07278 -0.07333 0 28 13 22 8 1
0.52479 -0.27130 49
0.33421 -0.03063 46 36
0.05362 0.23615 26 15 24 6
0.20882 -0.01323 26 46 30 34
0.06219 0.01571 39
-0.10883 0.09602 21 31 2 25 43
-0.07632 0.08828 37 3 44
0.05764 0.33532 25
-0.01374 0.13497 12 6 29 27 44
-0.32808 -0.02023 31
-0.14607 0.23222 15 38
-0.09279 0.09997 23 22 30 39 29 41
0.15560 0.04709 12 26 13
0.30917 -0.08883 36 34 28
-0.09747 -0.06384 8 31 12
-0.86251 -0.48283 
0.41957 -0.23590 33 28
