60
0.05281 0.01115 52 58
-0.11805 -0.14053 35 58 17 21
-0.22057 0.27014 46 18
-0.11208 0.01482 21 14 56 35
0.00875 0.21714 52 20
0.36550 0.16883 16
0.00196 0.00071 39 22 25 52 30
0.40058 0.94924 
-0.20680 -0.04605 51 13 47 29
0.23305 -0.16366 40 37
0.14659 0.16032 31 52 49
-0.02031 -0.05933 12 45 27 55 48 22
-0.04174 0.02863 11 30 56
-0.14259 -0.03234 8 35 51 25
0.02103 0.06921 3 23 39
0.23169 -0.07079 30 37
0.26688 0.11911 5 57 31
-0.16258 -0.16068 1 35
-0.11095 0.14982 19 44 20 43 52 2
-0.09723 0.22947 18 20
-0.03612 0.15950 19 4 18 36
-0.17395 -0.08299 3 22 1
-0.09955 -0.07091 44 29 21 27 6 28 11
0.11942 0.15271 57 49 14
0.53573 -0.92009 
0.01711 -0.03818 33 39 55 31 58 6 13
-0.37512 0.43009 46
-0.07993 -0.09588 11 22 43
-0.09240 -0.19466 22 33
-0.10339 -0.03518 39 22 8 44 35
0.10062 -0.00405 15 12 6
0.18345 0.06421 10 25 38 16
0.25933 -0.21286 37 50
-0.01445 -0.16879 25 45 28
0.17696 -0.22609 40
-0.07346 -0.06565 39 1 13 17 43 3 29 48
0.02635 0.01652 39 43 40 20
0.29666 -0.15210 15 32 9
0.29911 0.07781 31
0.04412 -0.05803 36 29 6 35 54 25 40 50 14
0.11989 -0.11976 34 45 36 39 9
-0.36791 -0.89818 
-1.00000 -0.40639 
-0.08410 0.00989 36 18 27 47 35
-0.14301 0.04068 22 18 29
0.04234 -0.15284 11 40 33
-0.30994 0.36492 2 26
-0.13245 -0.08074 8 58 43
0.04753 -0.03207 57 58 11 35
0.17473 0.22886 10 23
0.14559 -0.17113 39 32 53
-0.24022 0.00381 8 56 13
0.02085 0.11836 4 10 0 18 55 6
0.06898 -0.20292 58 50
0.15329 -0.01222 39 57
-0.00110 0.04015 25 52 11
-0.17248 0.05305 51 12 3
0.15835 0.06703 16 23 48 54
-0.01111 -0.10424 1 53 47 0 48 25
0.02435 0.96313 
