100
0.38476 0.01093 86 39 27 80 87 5
-0.14829 0.42207 38 52 85 84
-0.06162 0.02040 77 54 24 67 45 49 80
-0.07743 -0.43236 49 44 98 20
-0.25708 0.06067 16 67 46 61 85 79 33
0.03763 -0.21207 43 57 65 30 50 14 48 98 0
-0.39657 0.58545 9 35 31 60
0.39858 -0.14744 36 41 37 38
-0.00606 -0.06034 33 26 70 42
-0.39986 0.70151 6 52
-0.34658 -0.25366 33 12 13 62
-0.33955 -0.32555 42 75 73 92 65 46
-0.22471 -0.58519 43 91 10 34 20
-0.10730 -0.01935 71 24 84 52 10 62
0.16893 0.17800 79 21 5
0.32011 0.68964 86 21 40
-0.01808 0.19901 66 4 99 62
0.43162 -0.34122 87 91
0.40492 -0.49158 74 24
0.69759 -0.24046 36 28
-0.14876 -0.67999 12 3 71 94
0.18110 0.59503 14 15 31 86
-0.32570 0.39013 81 69 35 40
-0.14253 -0.16102 89 49 37 99 60
0.23619 -0.18502 41 97 18 90 13 2 79
-0.40416 -0.22448 98 51
0.11457 -0.35897 8 82 49 91 28
0.47741 -0.22120 66 74 0 78
0.27024 -0.26304 68 79 51 34 19 26
0.00745 0.51635 51 84
0.15451 0.08969 52 54 84 87 5 72 71
-0.20173 0.65891 6 55 21 35
-0.32080 -0.02148 83 89 57 81
-0.23328 -0.10311 10 8 43 71 53 79 38 4
0.03282 -0.52695 89 12 37 74 79 94 28
-0.05955 0.42685 87 6 22 31 51 52 70
0.53118 -0.04427 19 77 7
0.09999 -0.43669 23 98 34 91 92 7
0.07719 0.17746 93 1 51 33 83 58 86 7
0.46389 0.23480 0 97 88
0.05514 0.59746 66 96 59 22 54 15
0.55485 -0.14442 24 99 7
-0.25904 -0.06853 11 73 79 64 8 60 77
-0.32680 -0.35147 12 5 33 69 56 71 57
0.09192 0.05515 85 3 90 54 58 77
-0.41804 0.10540 57 2
-0.16306 -0.24920 4 82 11
0.63268 0.34064 58 87
0.22705 -0.62134 78 92 5
-0.23242 -0.29295 3 23 26 69 2
0.14791 -0.08501 5 83 66
-0.02340 0.11526 86 38 65 95 99 29 25 28 35 52 81
-0.15729 0.31090 30 1 77 13 35 51 81 9
-0.51463 0.10295 81 33 62
0.12351 0.28846 30 2 44 40 90
-0.43690 0.35409 63 31 85 83
-0.65070 -0.63749 43
-0.13906 0.04727 45 5 85 43 87 88 32
0.40210 0.31940 47 44 38
0.15437 1.00000 40
-0.49046 0.21831 6 63 42 23
-0.46090 0.00814 85 83 65 4
-0.20122 0.06976 93 53 74 10 13 16
-0.73467 0.42250 55 60
0.05893 -0.11983 87 68 42 73
-0.27239 -0.13478 77 51 5 61 11
0.25658 0.16771 27 40 99 16 50 97 76 80
-0.08456 0.33446 84 76 4 2
0.32603 -0.26574 28 90 74 99 64 95 78
-0.51090 -0.06813 43 22 49
0.19271 0.29401 99 8 35
-0.04586 -0.27706 97 33 13 83 43 30 20 92
0.52526 0.11090 95 30
-0.22020 -0.01950 81 98 11 96 42 90 64
0.15935 -0.28817 18 68 27 95 34 77 62 92
-0.18631 -0.39229 80 83 11
0.14154 0.51257 67 93 66
0.01756 0.01767 65 2 36 52 74 42 44 85
0.50513 -0.54578 48 27 68
-0.01016 -0.16862 14 28 34 33 42 24 4
0.14270 -0.16341 75 0 2 66
-0.28804 0.24338 73 22 53 88 52 51 32
0.22650 -0.11244 26 86 46
-0.16798 -0.09269 32 91 75 71 50 38 61 55
0.04169 0.24999 67 90 30 13 29 95 1
-0.23927 0.19189 61 44 1 57 55 4 77
0.28076 0.31419 0 51 15 21 38 82
0.29079 0.10473 35 64 17 47 30 57 0
0.06998 0.35101 81 57 39
-0.02940 -0.30920 32 34 23 95
0.12956 0.00288 68 84 44 24 73 54
0.08673 -0.49478 12 83 37 17 26
-0.03348 -0.55377 11 37 48 74 71
-0.08727 0.46709 38 62 76
-0.12485 -0.80522 34 98 20
0.24337 -0.04904 89 74 72 51 68 84
-0.25368 0.46818 40 73
0.36256 -0.06038 71 39 24 66
-0.18303 -0.45892 73 25 37 3 94 5
0.22767 0.02233 41 68 70 66 51 23 16
