20
0.32290 -0.60205 15 9 7
0.48601 -0.53228 15 13 8
-0.23147 0.27511 6 19 5 10 4 3 12 16
0.02332 0.10613 19 5 18 14 2 10 15 9
0.06482 -0.09739 15 11 8 9 5 2 7
0.19992 0.11640 3 2 6 7 4 8 9
-0.06649 0.35625 10 2 5 16 18
0.45058 -0.15241 5 9 14 4 0
-0.07110 -0.00989 16 19 4 5 9 11 1
0.11360 -0.22896 18 11 4 8 7 5 0 3
0.11137 0.42071 6 2 14 3 11
-0.29542 0.05787 4 9 19 12 8 10
-0.71274 0.13273 11 2
0.89270 -0.90863 1
0.48893 0.27848 3 10 7
0.12251 -0.44093 4 0 18 1 3
-0.23443 0.56435 8 6 2
-1.00000 0.58295 19
-0.16713 -0.21420 3 9 15 6
-0.49787 0.29578 3 2 17 8 11
