20
-0.21120 0.12601 7 11 3 15 6 12
0.55999 -0.12157 17 19 8 5 14
0.59128 -0.38828 11 8 14
-0.48044 -0.12710 18 0 9 16 15 4
-0.08678 0.01136 16 17 19 13 10 7 11 8 3
0.93765 0.05858 8 1
-0.54025 0.57442 16 0
-0.05504 -0.32454 17 0 18 4 14
0.46218 0.09696 10 11 2 1 5 12 4
-1.00000 -0.34582 3
0.10347 0.31850 8 16 4 17 15
0.22935 -0.18363 2 17 0 8 19 4 14
0.17503 0.49967 15 8 0
-0.56710 0.25229 4 15
0.26627 -0.52210 18 2 11 1 7
-0.15149 0.28797 17 19 12 13 0 3 16 10
-0.31903 0.28884 4 10 3 6 19 15
0.21066 0.01041 4 7 15 1 11 10
-0.21601 -0.59270 3 7 14
0.09147 0.08074 1 4 15 11 16
