80
0.02495 0.14477 76 70 75
-0.16862 -0.12102 77 34
0.16557 -0.09406 4 55 26
-0.19170 -0.05824 46 48 24 65 27
0.05950 -0.16818 2 5 74 34 18 68 43
-0.00129 -0.10172 4 48 73
0.12938 -0.17526 26
0.31443 0.14049 60
0.17401 0.10852 61 39 55 47 42
-0.13461 -0.18265 22 29
-0.34437 -0.19323 29 12 19
-0.14232 0.27464 33 56
-0.39151 -0.12787 46 10
0.23224 -0.19044 31 66 16
0.17964 1.00000 
-0.20778 -0.10058 69 24
0.25603 -0.10976 62 13
-0.18175 0.05325 30
0.04294 -0.28151 35 4
-0.40454 -0.16346 28 10
-0.30313 0.05589 77 23
0.10458 0.07694 68 32 47 25 60 57
-0.04016 -0.09368 53 27 52 9 75 49 26 30
-0.39296 0.09267 20
-0.12981 -0.09935 69 72 27 3 53 15 41
-0.04460 0.00666 72 21 54 78
0.07170 -0.08578 79 45 6 74 72 31 53 68 64 22 2
-0.05073 -0.03369 71 73 22 31 52 24 59 3
-0.33590 -0.10039 54 19
-0.22036 -0.21405 10 9 34
-0.11184 -0.02330 17 72 22
0.10012 -0.14629 40 27 13 26
0.18047 0.18361 50 21
-0.11002 0.32078 70 11
-0.09645 -0.19490 4 1 29
-0.00681 -0.32049 49 18
0.39372 0.85499 
0.00895 0.15889 47 56 39
-0.29896 -0.05909 54
0.09127 0.06348 45 8 52 76 37 62
0.15972 -0.23615 31
-0.18897 -0.18421 24
0.22695 0.15991 63 50 8
0.09577 -0.26767 4
0.22753 -0.05376 68 62
0.15144 0.01871 39 51 63 26 60
-0.32137 -0.07244 3 12
0.08251 0.15499 21 8 37 67 57
-0.10551 -0.09357 3 5
-0.03182 -0.22840 35 22
0.24542 0.23024 32 42
0.14272 -0.02586 45 68 78 64
-0.01766 0.01081 77 27 22 39 79 57
-0.03076 -0.12881 22 24 26
-0.21717 -0.03513 38 77 28 25
0.25348 0.01316 58 8 2
-0.10096 0.18072 71 37 11
0.05192 0.09780 61 21 47 52
0.35632 0.02555 55
-0.04150 0.09673 27 67
0.21953 0.09361 21 7 45
0.10779 0.09373 57 8 73 63
0.18056 -0.01480 64 44 76 16 39 68
0.17024 0.07376 79 45 42 61
0.12833 -0.06687 74 78 62 51 26
-0.27661 -0.00517 3
0.31198 -0.25248 13
0.00806 0.18968 47 59
0.13385 -0.05134 21 44 51 4 26 62
-0.16835 -0.03556 24 71 15
-0.04548 0.25573 33 0
-0.12047 0.05957 27 56 69
-0.04763 -0.06384 25 24 26 30
0.03513 -0.00343 27 79 61 5
0.10354 -0.10661 4 64 79 26
0.00408 0.02738 78 0 22
0.12796 0.08411 0 62 39
-0.17562 -0.00356 20 54 1 52
0.05693 -0.02050 75 64 51 25
0.08883 -0.01265 63 26 74 73 52
