50
0.02865 -0.24120 33 6
-0.13501 -0.05403 37 10 5 18 20 12 11
0.17817 0.30242 19 30 32
-0.21591 -0.12578 31 16 33
-0.25458 0.08011 5 48
-0.10075 0.02487 9 1 4 8 46 37
0.14579 -0.15725 27 43 44 0 46 15
-0.08014 0.20151 13 9 22
-0.01535 -0.04256 5 39 20 17
-0.01520 0.11192 5 34 19 22 13 7 17
-0.05430 -0.09631 1 20 24 44
-0.20248 0.08480 16 1 13 48 23
-0.18560 -0.18272 33 1
-0.08261 0.15180 17 7 9 11 29
-0.00879 0.24240 35 30
0.19855 -0.10177 21 47 36 6
-0.22211 0.02311 11 22 3
0.02293 0.02476 13 36 8 38 9 20
-0.05064 -0.01285 40 1 34
0.10067 0.15951 46 2 9
-0.04329 -0.12633 28 31 1 10 8 47 33 17
0.22166 -0.02452 15 34
-0.14021 0.14197 9 16 7
-0.24449 0.10994 40 11
-0.17141 -0.07774 10
-0.25706 0.02452 37 35
0.18083 0.40512 30
0.28043 -0.24699 6 45
-0.04563 -0.25617 20
-0.12190 0.27948 13
0.10517 0.33879 2 26 14
-0.14439 -0.12914 40 20 3 33
0.25603 0.39257 2
-0.11863 -0.21606 0 12 49 20 3 31
0.09092 0.00434 39 9 21 18 43
-0.12961 0.10828 14 25
0.14830 -0.03231 17 15 44
-0.20884 -0.02111 1 25 5
0.13345 0.01910 44 17
0.06527 -0.04732 34 46 8
-0.14913 0.00918 18 31 23 41
-0.04387 0.04061 40 46
1.00000 -0.26712 
0.16292 -0.10135 6 34
0.09645 -0.08170 6 36 38 10
0.37422 -0.30948 27
0.05196 -0.00555 19 47 6 39 41 5
0.08237 -0.11767 46 15 20
-0.31753 0.12696 4 11
-0.16528 -0.33308 33
