60
0.26480 -0.26887 58 10
0.20821 0.15288 3
0.32773 -0.04552 19 51
0.12067 0.06665 18 1 59
0.05852 0.12830 18 38 31
-0.25458 -0.40559 25
-0.09881 -0.35329 48 56 53 25
-0.02523 0.23328 39
-0.11969 -0.37780 47
-0.19004 0.02409 36 28
0.22834 -0.13031 13 11 19 0
0.12819 -0.10576 10 51 23
0.03434 0.37375 33
0.13198 0.00904 39 10 24 49
-0.17346 0.05436 41 36 22 44
-0.15719 -0.16322 50 45
-0.10759 0.21237 52 33
-0.06343 -0.40421 48 47
-0.01936 -0.01095 4 34 3 55
0.33837 -0.12108 2 10
-0.10422 -0.02257 37 52
-0.27816 -0.03444 34
-0.05400 0.00855 14 49
-0.02728 -0.15617 36 11 47
0.22373 0.07650 13
-0.17834 -0.32126 5 55 6
0.13755 -0.40308 56 58
0.76273 0.78612 
-0.12836 0.12262 41 39 9
-0.43188 0.04833 43
0.15134 -0.07582 49
0.12679 0.15105 33 4 51
-0.09773 1.00000 
0.02308 0.26336 12 16 31
-0.16307 -0.03200 18 21 36
0.31480 0.88367 
-0.16126 -0.08671 23 14 9 34 45 53
0.00293 -0.13514 20 42 49 47
0.10510 0.23431 4
0.00212 0.12532 13 28 7
0.30626 0.04735 59
-0.20574 0.14636 14 28 44
0.13319 -0.14199 54 37
-0.32045 0.02611 45 52 29
-0.25018 0.14854 41 14
-0.25365 -0.08449 43 15 36
-0.46136 0.94543 
-0.05731 -0.27558 57 23 8 37 17
-0.09908 -0.45838 17 6
0.06448 -0.06587 59 13 50 37 22 30
-0.01440 -0.20360 15 56 49
0.21319 0.00514 11 2 31
-0.19805 0.09023 20 16 43
-0.15466 -0.23277 36 6
0.22150 -0.08022 42 59
-0.10500 -0.18381 57 18 25
0.02131 -0.34099 50 26 6
-0.12660 -0.27210 55 47
0.23771 -0.37678 0 26
0.19118 0.00666 40 49 3 54
