60
0.21336 0.07319 45
0.25092 -0.00391 23 11
0.35682 0.38510 15
0.21232 -0.08032 45 23 55
0.86443 -0.71191 
-0.44197 -0.05266 48 42
0.02317 -0.05762 39 23 34 16 49
0.10545 0.17913 34
-0.58522 -0.49339 52
0.27353 0.02882 14 45
-0.68309 -0.01693 42 33
0.28781 0.10757 31 1
0.21343 -0.34332 56
0.23992 -0.17202 23 55
0.36066 0.00767 9 29
0.30486 0.30334 31 2
0.02852 -0.03121 45 40 32 28 6
-0.02672 -0.27037 28
-0.48088 -0.08785 36
0.35325 -0.08052 54 29
-0.21463 0.35316 41
0.19088 0.04044 29 31 47 23
0.17537 0.12791 45 26 34
0.17038 -0.09739 13 6 1 3 56 21
-1.00000 0.34620 
0.37624 -0.21200 55
0.24999 0.21419 22
-0.12139 0.11955 32 57
-0.00490 -0.16893 17 16 39
0.29984 -0.04176 21 19 54 55 14
-0.45635 -0.30002 50
0.23176 0.18635 43 11 15 21
-0.01621 0.08335 59 16 27 44 35
-0.75523 0.00550 10
0.08749 0.08239 38 7 6 22
-0.06818 0.16441 59 32 41 53
-0.44400 -0.15222 18 50
0.47654 0.91181 
0.06147 0.15140 34 47
-0.02554 -0.13738 6 28
0.02414 0.03104 16 47
-0.15612 0.27412 20 35
-0.57580 -0.03528 5 10
0.12422 0.24120 31 59
0.09725 -0.00722 32 53 54
0.14168 0.01901 16 3 9 22 0 53
-0.06231 0.13953 57 47
0.05436 0.09627 38 21 46 40
-0.29594 -0.06028 5 49
-0.13049 -0.05155 48 53 6 51
-0.44288 -0.23237 30 36
-0.19959 -0.10900 49
-0.62012 -0.46332 8
-0.01041 0.02958 44 45 49 35
0.26079 -0.08051 19 58 29 55 44
0.29714 -0.13661 25 29 13 54 3
0.19195 -0.24220 12 23
-0.15185 0.16867 46 27
0.35879 -0.13742 54
0.01108 0.19657 32 43 35
