40
-0.18071 -0.67749 7 22
-0.16404 0.57428 29 20 9 38
-0.27211 0.14386 30 9 8 5 13 32 36
-0.52369 -0.26719 11 23
0.27496 -0.17145 17 24 10 37 31 19 6
-0.12881 -0.09545 22 11 36 14 2
0.20173 -0.61380 22 35 16 4
0.02896 -0.49783 0 27 10 16 23
-0.16256 0.03443 20 2 28 25 22 37
-0.29405 0.38076 2 25 1 31 13
0.22945 0.01692 21 28 4 14 38 32 7 24 26
-0.43374 0.02753 3 34 5 13
0.20613 0.48009 15 31 38 36
-0.21480 0.17657 24 11 31 2 33 9
0.27916 -0.04798 10 5 39 28 23
0.33442 0.42533 12 36 20 39
-0.03087 -0.61217 23 7 6
0.51902 0.03386 4 38
-0.06709 0.06929 38 26 22 30 23
0.03257 -0.12500 32 23 31 22 4
-0.03493 0.38831 1 8 32 30 15
0.50444 0.18258 10 24
-0.07104 -0.33758 6 18 5 0 8 19
-0.13573 -0.20201 16 19 18 25 14 3 7 36
0.16756 0.13237 21 34 4 13 10 31
-0.43492 0.15995 33 9 29 8 23
0.14614 0.35438 18 28 10
-0.00378 -0.91371 7
0.24213 0.17794 31 10 14 8 38 26
-0.45620 0.50475 34 1 25
-0.12577 0.03215 18 2 33 37 20 36
0.07477 0.19440 12 28 13 19 4 9 24
-0.03070 0.22355 19 36 10 38 34 20 2
-0.46117 -0.03724 25 30 13
-0.21550 0.30779 29 24 11 32 36
0.29081 -1.00000 6
0.01622 0.15477 32 38 5 34 37 15 30 12 23 2
0.09919 -0.11254 4 30 36 8
0.17916 0.28753 18 36 10 32 12 17 1 28
0.61536 0.24805 14 15
