50
0.39184 -0.64759 34
0.84884 -0.00253 19 33
-0.14183 -0.05650 31 48 34 27 49
0.33413 0.30224 10 37 40 14
-0.41896 -0.42892 30 13 48
-0.31338 0.04967 29 30
0.29901 0.06787 34 11 14
-0.32968 -0.09371 45 38 41 30 47
0.06974 -0.12621 34 39 22 14 31 15 9
0.29308 -0.05369 20 41 19 8
0.55211 0.34373 3 12 39
-0.06787 0.21533 6 36 39 45 49
0.46762 0.03185 34 10 19 14 44 46
-0.66135 -0.14723 27 36 4 35
0.36352 -0.14065 8 48 12 6 3 26
0.25142 -0.47527 26 48 8
-0.65010 -0.51785 31 18
-0.41495 0.16960 31 23 47 36
-0.52435 -0.35458 35 16 45 41
0.57507 0.13369 1 39 12 32 9
0.48185 0.29770 44 39 25 37 32 9
-0.24008 0.15858 42 36 46 47
-0.19617 0.22346 8 36 23 29
-0.47193 0.47629 17 22
0.54495 -0.57340 34
0.78234 0.60411 20
0.56252 -0.44097 15 14
-0.48465 0.10235 42 13 40 2
-1.00000 0.49430 42
0.09411 0.03059 5 46 33 34 22
-0.51709 -0.22510 4 5 7 31
-0.35320 -0.23420 16 41 2 8 17 30
0.39323 0.28322 47 20 19 37
0.51685 -0.07742 46 43 1 29
0.24072 -0.22612 8 6 12 24 40 0 2 29
-0.77616 -0.18451 18 13 36
-0.44497 0.05127 38 13 21 11 22 45 17 35
0.53166 0.52715 20 3 32
-0.31872 0.27325 42 36 39 7
0.19265 0.25957 38 20 8 11 19 10
-0.02670 0.10433 34 3 27 45
-0.16036 -0.30921 31 48 7 9 18
-0.63929 0.33436 38 27 21 28
0.33575 -0.27031 47 33
0.19606 -0.04256 20 48 45 12
-0.21409 -0.07843 7 36 18 44 40 11
0.21705 0.08124 33 29 21 12
-0.01515 0.03202 32 43 7 17 21
0.01490 -0.33058 2 14 15 4 44 41
-0.16998 0.38978 2 11
