80
0.26040 0.06979 13 9 16
-1.00000 0.45773 
-0.06696 0.21478 50 45 59 34
-0.16588 0.16224 63 36 15 71 34 31
-0.01638 0.13461 44 56 29 73 19
-0.20004 -0.00832 44 74
-0.02998 0.03799 34 70 18 33 76 54
0.66229 -0.87582 
0.23677 -0.15919 26
0.16813 0.03926 41 26 0 67
0.08628 -0.00057 24 65 18 33 25 42 19
0.02930 0.00459 14 25 39 65 77
0.07482 -0.04059 76 16 31 52 65
0.26491 0.14239 19 0
-0.08051 0.05006 11 31 33 64 36
-0.24670 0.13257 44 57 3
0.16506 0.00700 12 77 76 0
0.02294 -0.04764 54 61 39 27 70 26
0.02711 -0.06952 37 6 10 61
0.14501 0.11738 51 43 13 31 4 10
-0.02008 -0.00707 31 67 24 73 27 28 22
-0.11099 -0.09471 39 74 28 49
-0.13591 -0.11449 72 70 20 48
0.14131 0.15697 32 67
0.10807 -0.01656 10 53 20 42 56 41
0.14193 0.04579 67 11 51 10 77
0.13580 -0.07397 8 9 17 35 64
-0.03642 -0.13665 47 17 38 20
-0.03767 -0.02914 41 21 61 20 45 52
-0.02799 0.18101 78 4
0.00816 0.18688 41 34
-0.01415 0.07276 20 76 33 14 45 12 19 3
0.08565 0.05616 35 76 23 78 64
-0.08716 0.02835 31 14 6 10 62 57
-0.08652 0.16999 6 3 30 2
0.12326 -0.02340 56 32 79 26
-0.19550 0.11678 3 14
-0.02252 -0.10137 66 18 74 64
-0.05450 -0.26353 27
-0.07913 0.00382 17 21 63 44 11 61
-0.12974 0.02319 72 56
0.04138 0.04468 28 30 9 47 77 24 66
0.21335 -0.02859 24 68 10
0.28287 0.20725 19 60
-0.15537 0.08567 15 4 5 39 63
-0.04929 0.09574 63 59 31 47 56 28 54 2
-0.87229 -0.50381 
-0.07331 -0.02486 27 41 62 45 72
-0.23363 -0.19412 22
-0.10113 -0.15871 55 70 21
-0.05780 0.18441 2 56 63 59
0.24449 0.05382 19 25 68
0.02252 -0.12051 79 12 28 74
0.21072 -0.10293 24
0.03476 0.08478 17 58 45 6 77
-0.06054 -0.12162 49 65 72 64 70
0.01306 0.07749 35 66 50 24 58 4 45 40
-0.22873 0.06584 15 33
0.06180 0.17431 56 54
-0.00302 0.16020 45 78 67 50 2
0.38012 0.26051 43
-0.01263 -0.06745 17 28 76 18 39
-0.11633 -0.04221 64 47 33
-0.12280 0.12411 3 45 39 50 44
0.00096 -0.04088 62 14 37 76 70 55 26 32
0.04981 -0.09515 10 55 11 12
0.00579 -0.00485 37 56 41
0.08882 0.09660 25 20 23 59 9
0.31351 -0.00814 42 51
0.23795 -0.96375 
-0.03814 -0.05522 6 78 49 77 17 22 64 55
-0.26156 0.24186 3
-0.15116 -0.07563 22 47 40 55
-0.08044 0.10166 20 4
-0.08230 -0.06160 37 21 78 5 52
0.19830 0.11209 77
0.05428 0.00205 12 32 31 6 64 16 61
0.08725 0.03610 78 70 16 41 11 54 25 75
-0.00613 0.05517 29 70 77 74 59 32
0.12240 -0.14385 52 35
