30
-0.03751 -0.13006 25 2 14 19
0.33090 0.15254 24 10 22
0.02546 0.03398 21 0 26
0.17488 0.11344 5 22 24 14
-0.04639 0.04892 27 8 26
0.09542 0.24435 3 7
-0.18667 0.03483 23 25 7
-0.04896 0.21925 5 21 6 29
-0.17035 -0.02825 20 16 25 13 4
1.00000 0.84564 
0.25416 0.02049 26 1
-0.33040 -0.43540 18
-0.08506 -0.35999 19 17 18
-0.32694 -0.01504 8
0.09261 -0.10078 17 0 3 20
-0.22226 -0.24108 23 18 16
-0.10650 -0.12983 8 26 15
0.05987 -0.28784 14 12
-0.23568 -0.30255 15 11 25 23 12
-0.11295 -0.26221 12 23 0
-0.03741 -0.03484 8 26 27 14 25
0.03189 0.19543 2 7 29 27
0.23584 0.24974 3 29 1
-0.22560 -0.17308 6 15 19 18
0.24050 0.14504 27 3 1
-0.20184 -0.10502 0 6 18 8 28 20
0.05827 -0.03247 20 16 10 2 4
0.07267 0.09812 4 24 20 21
-0.38355 -0.07056 25
0.08560 0.30724 22 21 7
