30
-0.42870 0.08842 29 3 19
0.23411 0.41140 24 11 10
-0.15566 0.69875 11 19 9
-0.21473 -0.46153 26 0 7
0.59753 0.03404 24 20 18
-0.62760 -0.16233 28 21 29
0.30014 0.30512 19 27 16 15
0.00392 -0.17711 10 11 21 3 8 28
0.43081 -0.03533 10 18 24 7 16
0.01581 0.54940 29 2 10
0.31692 0.17653 27 7 8 16 1 18 15 9
-0.06329 0.16414 2 29 20 23 24 7 19 14 1
0.18055 -0.35045 24 25 16 15 17
-0.48335 1.00000 19
-0.06381 -0.39690 26 25 22 11 28 18
0.02051 -0.03921 21 29 12 6 28 10 20
0.38895 -0.24442 25 20 24 10 12 6 8 26
-0.13206 -0.10965 29 21 18 24 12
0.15434 0.03545 17 29 8 4 10 14
-0.23794 0.53680 13 11 6 2 0
0.36243 -0.15323 16 11 4 26 15
-0.39496 -0.29360 17 15 5 7 23 22
-0.45485 -0.68484 14 21
-0.51416 -0.04785 11 21 28
0.21328 -0.04742 4 1 12 11 16 17 28 8
0.09441 -0.59069 14 16 12 28
0.24973 -0.55227 14 3 20 16
0.67334 0.44976 10 6
-0.21686 -0.26759 5 25 24 23 14 15 7
-0.24883 0.16462 9 17 11 18 15 0 5
