100
0.11972 -0.14683 22 27 16
0.00354 -0.06485 23 87 16 43 70
-0.18277 0.19616 52 10
-0.16694 -0.04057 66 78
-0.06533 -0.22528 44 90 45 5
-0.01159 -0.15365 92 32 39 4 23
-0.80721 -0.63245 
-0.11145 -0.02502 91 63 25 9 49
0.03359 0.03761 17 87 30 53 60
-0.16661 0.04677 64 7
-0.14740 0.15597 91 52 2 69
0.01078 -0.04489 38 23 25 22 92 80
-0.11776 -0.12106 35 38 45 84 23
0.06481 -0.06870 20 71
-0.14930 0.08986 29 67
0.36786 -0.34126 97
0.07277 -0.17478 1 0 32
-0.04538 -0.03836 64 8 75 85 83
0.02801 -0.09156 87 36 63 73 60 40 71 95
0.05697 0.16339 82 46 79 68 57 64
0.05188 -0.11531 34 13 44 54 27
0.14485 0.01806 75 86
0.04120 -0.03551 0 67 50 42 11 44
-0.07165 -0.08613 1 11 12 83 96 35 5
0.18987 -0.26233 73 27 97
-0.02990 -0.00010 76 51 11 7 95
0.20778 -0.05689 75 62 88
0.12777 -0.21343 0 32 24 20
0.83922 0.64549 
-0.04134 0.08848 83 76 14 30 71 70
0.07372 0.11648 89 8 88 29
-0.20012 0.00204 83 96
0.06518 -0.23938 5 27 16
-0.09373 -0.19834 44 66 77
-0.05748 -0.00740 39 52 20 70 83 58 77 54 69
-0.02871 -0.07692 12 87 23 51
0.03061 -0.01920 18 48 65
-0.02447 0.24062 81 42
-0.08219 -0.07321 11 40 12 74 71
-0.04796 -0.06351 53 34 5 45 75
-0.04765 -0.16277 38 18
0.04287 0.01284 42 48 92
0.00025 0.10380 41 76 89 22 78 94 86 37 52
-0.01462 0.03056 54 61 1
0.00151 -0.16274 33 4 20 22 48
-0.10070 -0.15864 63 4 58 12 39 85
0.15695 0.16218 19 50
-0.01029 0.13960 52 65 86
0.00253 -0.09397 36 54 41 66 44
-0.11634 0.06259 74 70 7 65 53
0.13353 0.05455 22 87 46
-0.02445 0.01738 76 25 64 92 74 35
-0.10176 0.11499 47 34 2 10 93 42
-0.07940 0.08305 39 98 93 57 8 74 49
0.05905 -0.03383 43 48 20 34 72
0.43621 1.00000 
0.08590 -0.12320 92
-0.02668 0.19436 53 19
-0.13208 -0.07867 45 34 67
0.13800 0.12921 88 76
0.11664 -0.04075 72 18 8
-0.12393 0.08462 91 43 74
0.28776 -0.17042 97 26
-0.03232 -0.14418 45 7 18 73
-0.05011 0.06015 17 9 51 67 95 19
-0.01957 0.07009 47 86 36 71 49 78
-0.10892 -0.13783 3 33 48
-0.09096 -0.00085 22 64 14 58
0.05667 0.22895 19 89 94
-0.07045 0.16235 89 81 10 34
-0.07472 0.02783 91 34 49 1 29
-0.04316 0.00814 94 18 74 65 93 38 13 29 84
0.17213 -0.03449 60 54
0.07863 -0.20479 18 24 63
-0.11761 0.01649 96 61 38 51 49 71 53
0.06377 -0.04159 26 21 17 39 83
0.03154 0.08427 51 25 42 29 59
-0.12361 -0.11053 93 90 34 33
-0.08433 0.04625 42 3 95 65
0.15775 0.13282 80 19
0.11707 0.03181 79 87 11
-0.07308 0.27578 37 69
-0.02374 0.14515 89 19 83
-0.06497 0.01578 82 29 34 23 31 17 75
-0.14439 -0.05121 93 12 71
-0.14454 -0.13805 17 45
0.06414 0.07906 65 87 47 21 42
0.06934 -0.00836 18 80 1 8 50 86 35
0.17377 0.06939 59 99 30 26
0.03127 0.17172 82 30 42 68 69 99
-0.14347 -0.22676 4 77
-0.10745 0.05121 7 92 70 10 61
0.01389 -0.02498 5 91 51 56 11 95 99 41
-0.13820 0.00626 84 96 53 77 71 52
0.01294 0.14651 71 42 68
-0.02350 -0.01724 92 18 25 78 64
-0.18093 -0.04457 74 93 23 31
0.30007 -0.27551 62 24 15
-0.14267 0.19458 53
0.09559 0.08754 88 89 92
