40
-1.00000 -0.20489 25
-0.33681 0.10346 15 4 39 30
0.45688 0.14170 36 13 12
0.20639 -0.01091 38 16 10 29 34 8 39
-0.23116 0.32478 30 1 26 24 10
-0.02189 0.42244 30 12 22 21
-0.07156 -0.10389 10 14 23 17
0.04053 -0.28525 27 36 17 23 28 31
-0.03831 0.07659 30 13 35 3 14
-0.30302 0.19772 18 24 39 20
-0.00054 0.18860 26 3 6 16 21 4
0.13654 -0.05789 15 29 16 17 18 12 36
0.22423 0.28276 5 2 26 11
0.26665 0.22749 8 2 26 37
-0.34926 0.01473 22 25 6 8 35 30
-0.20201 -0.16341 1 11 23 18
0.10481 0.14572 3 22 11 10
0.20950 -0.15428 7 36 11 37 6
-0.12276 -0.15753 9 31 15 11
0.22568 -0.61623 31 38
-0.17844 0.46474 22 9 26
-0.13000 0.37316 27 22 5 10
-0.14475 0.27162 14 20 21 16 27 5
-0.15934 -0.33977 7 15 6
-0.42380 0.30329 9 27 4
-0.73397 -0.11619 0 14
0.06446 0.31428 10 13 4 39 12 20 37
-0.19066 0.09603 7 21 22 24
-0.05123 -0.60744 7
0.37602 -0.08346 11 3
-0.23169 0.21037 8 4 5 1 35 14
0.02539 -0.46149 19 18 7
0.67183 -0.36803 36
0.68584 -0.14694 36 34
0.53088 -0.00102 37 33 3
-0.25442 0.03471 39 8 30 14
0.40873 -0.18450 33 2 32 7 17 11
0.33518 0.11638 34 17 26 13
0.30319 -0.38451 3 19
-0.09711 0.13706 1 35 9 26 3
