90
-0.22714 -0.00455 62 10 82 76 43
-0.02291 -0.26810 34 58 51
0.25296 -0.09050 27 33 66
0.28388 -0.02654 59 45 26
0.11588 -0.24215 27 64 44
0.18566 0.24801 78 7
0.07856 -0.13207 27 22 87
0.10926 0.19086 88 72 14 5 24
-0.07940 0.11199 80 18
-0.17143 -0.08306 46
-0.20552 0.10814 0 63
-0.03376 0.12332 14 56
-0.10271 -0.01295 62 56 77 71 80 46
-0.13644 0.16341 69 73 63 36
0.04791 0.09578 52 11 48 50 7 88 71
-0.15509 -0.18986 46 40
-0.76366 0.75596 
0.20964 0.13872 31 89 39 24
0.03086 0.15647 60 63 8 48 81
-0.03738 -0.15683 46 75 20 25
0.01599 -0.25769 19 44
-0.26196 -0.09225 68 62 32
0.04570 -0.00604 46 6 26 50 49
-0.15003 0.17995 72 76
0.21418 0.24579 79 17 7
-0.11197 -0.17107 62 85 87 19
0.19645 0.06251 60 22 78 3 33
0.16335 -0.18632 44 4 6 2
0.09860 -0.29284 64 54
-0.00509 0.05237 46 81 72 77 50
-0.03001 -0.05829 64 77 56
0.11427 0.07794 17 74 69
-0.17974 -0.12269 46 85 21
0.25255 0.05420 2 65 81 83 26
-0.04598 -0.37563 1
0.19922 -0.39143 54
-0.16417 0.06458 50 68 13
0.26144 0.00444 39
0.19185 0.04370 52 60
0.14935 0.01581 88 58 52 17 37
-0.15979 -0.27206 51 15
-0.06243 -0.07986 58 80
0.07756 0.20920 81 69
-0.32841 -0.02599 0 53
0.08768 -0.24735 27 4 64 20
0.38615 -0.04164 3
-0.08430 -0.07205 19 9 15 32 22 29 12
-1.00000 0.32790 
0.03436 0.20964 14 18 57
-0.01523 0.09108 77 86 22
-0.03940 0.02857 36 22 14 80 29 75
-0.08172 -0.23095 40 84 1 82
0.12352 -0.02051 14 39 55 38 75
-0.31821 -0.08585 43 62
0.18261 -0.29057 35 28 55
0.18152 -0.14657 66 52 74 54
-0.05966 0.05658 72 12 11 30
0.00863 0.26105 69 48
0.03955 -0.12393 41 39 1 84
0.19168 -0.09136 3 74 67
0.17223 0.12330 18 65 26 38
0.00183 -0.09999 67 85 71
-0.20971 -0.08335 0 12 25 21 53
-0.10345 0.17141 13 18 10
0.02408 -0.19224 30 4 28 67 82 44
0.27083 0.12259 60 33
0.27393 -0.15961 55 2
0.09674 -0.14840 61 64 59
-0.25238 -0.01109 80 36 21 70
0.00579 0.15709 13 86 57 42 71 31
-0.36008 -0.04363 68
0.01216 0.01773 12 74 61 69 14
-0.01330 0.14459 56 7 88 23 29
-0.23221 0.19547 13 76
0.10489 -0.06135 71 55 84 31 59
0.02310 -0.05714 19 52 50
-0.24071 0.12497 0 23 73
-0.05845 0.02069 12 49 30 29
0.23277 0.17941 26 5
0.27231 0.33169 24
-0.13156 0.01135 68 8 50 12 41
0.11461 0.12090 29 33 42 18
-0.12271 -0.13857 0 64 51
0.35777 0.07950 33
0.01916 -0.16310 51 58 74
-0.09866 -0.14478 32 61 25
-0.03431 0.19709 69 49
-0.01163 -0.20062 6 25
0.08638 0.11919 7 39 72 14
0.30336 0.19847 17
