70
-0.21257 -0.35685 22 45 8 37 62 23
0.56160 -0.06538 67 4
-0.61736 0.13986 31 24 27
0.60076 -0.15831 48 67 62 59
0.14860 0.36576 6 27 1 26 21 30
0.10825 -0.39895 67 46 65 57 15 63 39
-0.03565 0.67322 4 45 47
-0.10232 -0.01275 60 39 28 9 61 32 46 20
-0.37939 -0.67642 14 0
0.26010 0.00826 16 7 25 50 52
0.06572 0.30311 24 43 11 50 27 17 26
0.08314 -0.24275 46 10 41 65 48 51 25 69
-0.41075 -0.10165 58 29 30 50 57 41 22 38
-0.51138 0.30523 53 38 50 56
-0.11805 -0.25346 62 24 8 54 32 61
0.01228 -0.26816 53 35 50 41 5
0.74916 -0.20139 9 67
0.36855 0.16897 41 59 48 10
0.36329 0.42028 55 33 23 20
0.49758 -0.68445 58 36
0.25480 -0.15709 36 41 67 18 53 7
0.00289 0.37679 24 45 61 4 64
-0.51746 -0.52673 0 63 12 31
-0.00362 0.11941 42 18 47 53 27 0
-0.28925 0.14415 10 21 14 53 50 2 61
-0.10060 -0.42120 42 66 9 11
0.16880 0.56042 56 34 4 55 10 59
-0.09120 0.18244 41 4 58 49 23 48 10 2
-0.09708 0.31593 58 7 56
-0.80276 -0.36788 12 42
-0.35318 0.45118 34 12 4
-0.66395 -0.25491 2 69 66 22
0.00342 -0.48019 35 14 63 7 48
0.07933 0.72393 49 18 52 34
-0.26978 0.72308 45 30 26 33
0.24950 -0.53556 15 32 54 58 65
0.25461 -0.76609 20 19 63
-0.06175 -0.87037 51 0
-0.83838 0.11409 60 13 12
-0.22863 -0.00266 53 7 49 5
0.79462 -0.09793 64 62
0.05715 0.00340 17 27 20 11 15 52 57 12
-0.41856 -0.27192 25 23 66 29 53
0.05138 0.79105 10 56 49 47
-0.55879 0.47119 61 56 69
-0.33921 0.32148 34 0 6 21 60
0.18205 0.01904 5 11 47 57 7
0.29898 0.59333 46 23 68 6 43
0.14407 -0.09816 62 3 11 27 32 17 69
-0.16135 0.48124 33 39 27 43 50 61
-0.18072 0.13908 15 10 24 12 9 13 49
0.23446 -0.61461 37 11 59
0.27709 0.41254 41 33 9
-0.13037 -0.07714 39 15 23 13 24 67 20 42
0.39141 -0.45861 14 65 59 35
0.49924 0.80446 18 26
-0.23532 0.66603 26 43 44 28 13
-0.08117 -0.29016 46 5 41 12
0.13723 -0.17964 28 12 19 66 27 67 59 64 35
0.40846 -0.07211 17 58 54 51 3 26
-0.60809 0.06631 7 38 69 45
-0.28936 0.25186 44 7 14 24 21 49
0.26128 -0.30205 14 66 48 0 3 40
-0.13892 -0.70437 22 66 32 36 5
0.49804 0.10035 67 40 58 21
0.36086 -0.64232 5 11 54 35
-0.26963 -0.36635 58 69 62 25 63 42 31
0.41543 -0.20007 5 16 20 64 1 3 58 53
0.65270 1.00000 47
-0.38024 -0.03887 66 31 60 44 11 48
