40
-0.12265 0.10985 16
0.01602 0.93373 
-0.98641 0.22861 
-0.12267 0.15812 15 27 35
-0.02580 -0.28757 22 31 11 17 5 9
-0.17506 -0.24155 39 26 4
0.15600 0.05988 23 21 30
-0.12380 -0.04024 12 27 30
-0.13114 -0.21418 12 22
0.05247 -0.23419 11 4
-0.87048 0.61214 
0.03750 -0.16501 4 9 38 19
-0.20208 -0.14175 26 8 7 14 13 29
-0.16347 -0.02201 27 37 12 16
-0.26904 -0.25341 12
-0.07280 0.20528 35 3
-0.03882 0.03093 0 23 13
0.02790 -0.39294 4
0.09861 -0.06046 23 30
0.06468 -0.03602 11
0.90706 -0.38684 
0.29353 0.14479 25 6 28
-0.03887 -0.19502 4 38 8
0.11537 -0.02402 33 16 6 38 18
1.00000 0.28644 
0.38813 0.17539 21 28
-0.19642 -0.10245 12 27 5
-0.16952 0.04732 34 13 7 26 3 35
0.36470 0.21471 21 25
-0.26625 -0.14774 39 37 12
-0.00203 -0.01611 37 7 6 18
-0.03459 -0.40578 4
0.67395 0.62685 
0.24519 -0.11772 23 36
-0.25288 0.13284 27
-0.06574 0.09032 15 38 3 27
0.32918 -0.19882 33
-0.15287 -0.07495 29 30 13
0.00673 -0.06583 22 35 23 11
-0.29364 -0.23257 29 5
