40
0.40955 0.14178 33 4 37 5 9 13 6 28 29
-0.18478 -0.23715 36 8 9 13 26
0.12276 -0.39911 9 12
0.33649 0.12146 6 13 33 26 29
0.57599 0.40420 6 0 30
0.15526 0.13581 29 26 35 0
0.47534 0.44662 3 4 14 0
-0.24167 -0.34190 26 10 24 27
-0.15748 -0.13727 27 1 39 23
0.04207 0.01963 35 30 24 1 2 0
-0.63347 -0.14379 17 36 7 11 22 38
-0.52792 0.12595 35 38 10 39
0.23111 -0.55706 20 27 13 2
0.09379 -0.11814 3 38 1 12 0
0.23440 0.65773 16 6 18
0.31118 -0.37427 28 27 32 26
0.00966 0.35455 32 14 29 25 39 30
-0.45767 -0.34798 32 10 36
0.02396 0.58833 29 30 39 14
-0.75307 0.35548 39 22
0.26766 -0.83290 12 27
-0.17121 -0.60679 32
-0.92938 0.10611 19 10
-0.07819 0.11012 33 24 35 8
-0.26435 0.01769 9 39 23 7
-0.14354 0.56304 39 16 30
0.12591 -0.19608 7 5 3 1 15
0.06772 -0.59898 8 12 15 34 7 20
0.60828 -0.18936 15 0
0.29807 0.41438 5 18 33 31 16 3 0
0.15985 0.42917 9 18 4 16 25
0.51879 0.78790 29
-0.02365 -0.18813 16 17 21 33 15
0.24776 0.14483 23 37 29 0 32 3
0.21936 -1.00000 27
-0.20163 0.15673 11 9 5 23
-0.60106 -0.33018 1 17 10
0.54468 0.27827 33 0
-0.40245 -0.07521 11 13 10
-0.30815 0.31450 19 25 24 18 11 8 16
