90
-0.02950 0.08180 52 29 64 36 32 47
-0.78240 0.09836 25 24 17
0.40306 -0.05407 63 18 38 62
0.13698 0.35278 40 55 68 21 47 79
0.75704 -0.37248 77
0.06296 0.72446 47 40
0.35771 -0.70535 8
0.24867 -0.21152 48 44 51 15 50 62
0.11301 -0.27264 79 29 39 6 69 42 83
0.58632 -0.16255 31 12 46
-0.02159 -0.13135 43 24 61 46 47
0.09808 0.05876 36 32 80 35 62
0.89335 0.08387 9 38 68
-0.19317 0.43569 61 74 67 24
0.52907 0.05321 71 68 51 85 39
0.02068 -0.36289 76 78 48 7 85 41 53
-0.44575 -0.60215 66 20 35 57
-0.66554 0.21611 1 42
0.29705 0.00032 55 87 39 2
-0.31949 -0.28702 58 57 70 63
-0.48161 -0.51338 57 16 83
-0.13550 0.42077 3 55 42
-0.34809 0.24955 31 74
0.50296 0.24984 77 71 67 26
-0.37956 0.00821 59 10 1 13 44 57
-0.53750 0.05595 83 74 1 69 72 42
0.28034 0.09857 69 51 38 61 45 23 31
0.03039 -0.53298 43 83 77 58 29
-0.04848 0.74601 40 47
0.17133 -0.36020 0 8 27
-0.45000 0.25903 54 52 74 69
0.07966 -0.00777 55 9 22 87 73 32 26
-0.22783 -0.05992 11 79 65 0 31 42
-0.39965 0.58067 64 59
-0.01458 0.44909 42 80 81 47
-0.17573 -0.26002 54 53 63 88 16 11
0.23972 0.18794 11 0 45 59 71 50
0.09729 -0.41044 53 78 79 87 46 73
0.67692 0.09877 12 26 2 62
0.48577 -0.17055 46 84 8 18 62 14 77
-0.03695 0.59373 3 28 5 55
-0.01821 -0.24679 44 42 79 45 15
-0.17572 0.05915 77 41 61 34 57 8 25 32 21 52 17
-0.08270 -0.54733 10 27 46 57 78 66
-0.12464 -0.33608 56 48 7 41 69 66 24 47 83
0.20159 -0.12342 87 41 73 36 26
0.27292 -0.35981 39 51 43 9 48 37 10
-0.02864 0.24071 5 83 28 3 10 0 44 34
0.12591 -0.48830 7 44 15 46 83
-0.65809 0.04161 55 65
0.41378 0.21448 71 60 80 7 87 36
0.12092 -0.05761 46 26 7 54 14 82
-0.16948 0.29462 0 30 85 55 42
-0.14623 -0.46855 35 37 63 15
-0.25647 0.07702 35 30 64 74 69 83 51 70
-0.19509 0.15335 31 49 18 75 3 21 76 63 52 40
-0.18916 -0.83353 44
-0.42454 -0.32711 20 43 42 19 75 16 24
-0.30218 -0.66385 19 27
-0.09859 0.28254 80 24 89 81 73 63 36 33
0.31677 0.66608 50 81 67 86
0.03957 0.26323 13 10 42 26 89
0.41657 0.09539 67 85 2 38 11 39 7
-0.11530 -0.09456 2 35 53 59 55 19 82
-0.28246 0.29486 33 0 54 79
-0.52887 -0.17406 49 73 32
-0.27161 -0.72999 44 16 43
0.26520 0.47715 62 70 86 13 23 60
0.65836 0.31787 3 12 14
-0.17996 -0.02208 26 44 54 25 8 30
-0.05513 0.17308 67 80 19 54
0.50977 0.10900 14 50 88 23 77 36
-1.00000 0.10411 25
-0.12376 -0.14557 65 31 59 79 45 37
-0.40925 0.36481 25 13 81 54 30 82 22
-0.61031 -0.10385 55 57
-0.34560 -0.17286 15 82 55
0.31227 -0.16475 42 23 27 71 83 4 39
0.07150 -0.71906 15 43 37
-0.03418 -0.03392 8 32 41 73 37 64 3
0.24200 0.26803 59 11 34 70 50 84
-0.11327 0.63390 74 59 60 34
-0.32155 0.05767 76 74 51 63
-0.13150 -0.22698 25 27 47 54 20 48 8 77 44
0.66063 0.01887 39 80
0.18838 0.11658 88 62 52 15 89 14
0.45230 0.84511 67 60
0.37695 -0.17345 45 31 18 50 37
0.23588 -0.05584 85 71 35
0.13580 0.47398 59 85 61
