30
-0.02616 0.20940 3 11 20
0.42220 -0.56888 14 23 19
-0.74491 0.09295 11 17
-0.18167 0.00452 17 28 22 0 11 5
-0.68350 -0.30023 21 22
-0.16520 0.29029 8 7 25 13 22 3
-0.55037 0.97314 13
0.13188 -0.10070 23 5 20 17 14
-0.27927 0.30943 29 22 5 17 13 11 15 18
0.24365 -0.71557 16 28
0.72988 0.50711 20 12
-0.38343 0.18893 17 27 2 13 3 0 8
1.00000 0.83274 10
-0.34270 0.56431 6 29 25 11 8 5
0.58830 -0.38228 1 24 7 28
0.04823 0.37076 29 18 20 8
-0.05415 -0.74424 9 19 21
-0.36605 -0.08728 3 11 26 8 7 2
0.14363 0.18390 15 27 28 8
0.10865 -0.47804 26 16 1 20
0.28521 0.09940 23 28 10 25 7 19 0 15
-0.27386 -0.35822 29 4 16 23
-0.51668 0.07017 3 8 4 5
0.15046 -0.30371 20 7 1 27 21
0.98719 -0.58704 14
0.03174 0.54469 13 5 20
-0.30503 -0.54188 19 17
0.01300 -0.03625 11 23 28 18
0.26400 -0.20244 3 20 9 27 14 18
-0.27503 0.16502 21 8 15 13
