30
-0.49233 0.86964 25 4 20
0.62788 -0.02943 23 27 24
-0.53876 0.01850 23 9 10 6 3
-0.25276 -0.09636 11 10 29 25 2 18
-0.22427 0.77738 28 0 22 20
0.35974 -0.71574 18 8 26 11
-1.00000 -0.16154 21 2
-0.11235 -0.07135 26 23 20
0.81049 -0.86456 5 27
-0.54008 0.35305 2 28 12
-0.22268 0.11321 24 28 15 22 2 3 12 21
0.16956 -0.27241 17 5 3 23
-0.47335 0.17606 20 22 29 9 10
0.44732 0.29260 28 15 17
-0.07154 0.63078 25 23 22
0.21285 -0.03905 10 13 18
0.51016 -0.50680 26 17 19 18
0.41238 -0.02636 11 28 16 13
0.16738 -0.44720 5 15 26 16 3
0.97682 -0.69258 27 16
-0.31275 0.47405 12 28 4 7 0
-0.71086 -0.19793 29 6 10
-0.18480 0.44325 10 12 14 4 23
0.03705 0.13967 1 2 14 11 7 22
0.28210 0.24937 28 10 1
-0.44719 0.54030 14 0 3
0.01906 -0.54041 5 29 16 7 18
0.96641 -0.46837 1 8 19
0.01860 0.37765 24 13 9 10 4 17 20
-0.43409 -0.32541 21 26 12 3
