50
0.15873 0.16170 13 22
0.02551 -0.04964 30 21
0.17554 -0.01359 11 4 22 24
-0.13221 0.08121 48 29 6 47
0.05900 -0.01161 2 39 30 20
-0.16536 -0.20016 27 34
-0.13699 -0.04732 3 12 27 21 39 45
0.03579 -0.26167 41 27
0.08973 0.14090 17 29 19 18 20
-0.13406 -0.31058 38 25 49
-0.02943 -0.22673 38 49 30
0.23479 -0.13143 2 40
-0.18180 -0.17378 25 6 34
0.03882 0.16117 42 21 0 23 20 31 17 43
-0.07849 0.17813 39 17 37 42 19
-0.02129 -0.12116 44 28 34
-0.01986 -0.00269 36 19 21 29 34
0.01215 0.17039 8 14 24 37 13 44 23
0.21533 0.11544 8
-0.00633 0.13336 16 8 14
0.06925 0.03723 46 13 4 35 8
-0.04269 0.03624 13 16 6 39 1
0.13711 0.03237 30 31 0 35 2
0.02969 0.27020 13 42 17
0.11086 0.10510 17 29 2
-0.10615 -0.28862 12 9 28
-0.10515 -0.01779 47 34 30 37
-0.08637 -0.17274 5 6 46 7
0.01590 -0.24379 40 15 25
-0.00645 0.08988 44 3 8 39 16 24
0.01915 -0.09217 26 49 4 22 1 36 10
0.06664 0.08859 48 13 22 36
0.22946 -0.05668 35 36
-0.00864 1.00000 
-0.11465 -0.11278 26 16 15 5 12
0.20844 0.02199 32 20 22
0.09035 -0.06227 16 41 44 40 32 30 31
-0.08261 0.10971 44 14 17 26 43
-0.11249 -0.23386 10 9 46
-0.07899 0.04218 14 45 29 4 43 21 6
0.14309 -0.18468 28 11 36
0.06088 -0.19570 36 49 7
-0.02847 0.25660 13 48 23 14
-0.05211 0.13349 39 48 44 37 13
-0.00174 0.03964 15 29 36 37 43 17
-0.13216 -0.08747 39 46 49 6
-0.07681 -0.08655 20 27 47 38 45
-0.18082 -0.00279 26 46 3
-0.04806 0.18330 42 3 31 43
-0.05604 -0.20056 41 30 45 10 9
