100
-0.12800 -0.13052 92 90 1
-0.07332 -0.10723 35 26 93 0
0.12697 0.05638 28 45 50 14 81
0.14803 -0.02982 46 41
-0.14299 -0.06361 56 10 31
-0.10222 0.02061 17 40 15 84 71 33
0.01192 0.10263 53 95 15 30
0.08443 0.07731 83 53 77
0.18069 -0.10532 83 87 76
-0.00644 -0.13865 34 47 70 83 68
-0.07750 0.03579 62 68 35 82 57 55 4 59 54
0.01468 0.16734 42 37 89
-0.11639 0.00032 82 94 64 73 78 71
-0.07454 -0.02467 68 35 24 90 52 17
0.06928 -0.00702 18 34 81 72 62 95 2
-0.01315 0.01708 56 5 18 6
0.28560 0.05694 76 50
-0.06540 0.05276 5 34 13 59 77
0.08423 -0.00985 33 14 15 22
0.10028 -0.08889 81 48 51
-0.03496 -0.13232 93 92 39 57 96
-0.19159 0.14141 40 30 86
0.13387 -0.10113 96 18
0.04623 -0.31488 70 29
-0.01313 -0.06230 13 68 75 51 38
0.07321 0.18578 33 85
-0.06215 -0.17353 63 75 1 90 57
-0.20936 -0.05414 69 68
0.05772 0.09938 62 2 77
0.07384 -0.28025 51 44 23 70
-0.10887 0.19871 21 67 66 6 74
-0.10611 -0.13310 58 4 73
0.00185 0.19165 33
-0.00147 0.06890 84 25 32 73 18 74 52 91 42 5
-0.01665 -0.02099 9 82 81 84 14 75 36 17
-0.08194 0.01176 1 10 84 13 37 36
0.00082 -0.00233 81 94 57 45 96 52 34 59 35
-0.10789 0.14897 60 80 11 35
0.03552 0.05112 48 82 53 24
-0.12267 -0.15494 71 58 20
-0.15831 0.03387 21 5 75
0.01254 -0.04232 58 57 56 52 3
0.10261 0.06325 11 93 46 33 65
-0.15695 0.01862 82 92
0.11056 -0.37726 29
0.11913 0.02058 2 36
0.19782 0.02818 42 3
0.00238 -0.24758 9 70
0.05863 -0.03248 38 73 19
-0.98112 -0.42441 
0.18423 0.12119 16 2 79 65 55
0.05168 -0.15580 29 75 70 95 24 72 99 19
-0.05084 0.05741 78 80 41 77 36 33 13 94
0.10686 0.14955 6 79 85 38 7
-0.14811 0.15042 67 74 10
0.04494 0.13230 94 10 89 50
-0.07674 -0.05836 15 64 4 41
-0.03680 -0.07942 10 41 73 20 36 26
-0.03771 -0.10722 41 96 39 59 87 31 64
-0.08827 0.02687 74 91 58 86 10 17 36
-0.21570 0.20500 37
-0.13524 0.18003 82
-0.02765 0.03063 10 28 69 92 14
-0.04271 -0.26713 26 70
-0.11839 -0.07555 56 69 73 12 58
0.20890 0.10639 50 42
-0.13669 0.30626 30
-0.16987 0.24163 54 30
-0.10671 -0.06399 10 27 13 71 24 9
-0.13846 -0.00088 27 62 64 92 74
0.01994 -0.21374 23 63 87 9 51 47 73 29
-0.16457 -0.06454 39 68 5 12
0.10146 -0.10920 51 93 14
-0.03721 -0.06956 33 48 64 57 12 70 31
-0.11009 0.10398 54 59 33 69 30
-0.06091 -0.08493 26 51 24 40 34
0.28303 -0.04156 16 8
-0.00440 0.11862 28 52 80 17 7
-0.16609 0.06000 52 12
0.19751 0.18982 53 50
-0.06261 0.15609 52 37 77
0.04545 -0.01467 92 36 95 34 19 14 2
-0.07704 0.07100 34 12 10 91 43 61 38
0.06481 -0.05858 8 90 7 9 91
-0.03899 -0.00602 33 98 35 34 5
0.13161 0.23623 25 53
-0.19656 0.09237 59 21
0.08245 -0.16897 70 8 58
1.00000 -0.01347 
0.05097 0.22943 55 11
-0.04988 -0.12084 83 0 26 13
-0.00331 0.03408 59 82 33 83
-0.07882 -0.04390 0 81 20 62 69 43
0.04058 -0.07388 20 42 1 72
-0.03464 0.07938 36 55 12 52
0.05234 -0.04402 81 98 6 96 51 14
0.04125 -0.10508 58 95 20 36 22
0.78728 0.70628 
0.01921 -0.08790 95 84
0.12077 -0.24562 51
