40
0.10070 -0.02639 28 35 32 23 10
0.01938 -0.27711 2
-0.04097 -0.16914 33 1 17
-0.17416 -0.18798 26 33
-0.11473 0.13653 23
-0.04957 -0.05005 26 20 22 6
-0.13409 -0.05631 33 26 15 5 10
0.22988 0.06516 14 20
0.27199 -0.01191 31 32
0.15887 0.20090 25 12
-0.00515 -0.00525 0 37 6
-0.37382 0.26148 39
0.06943 0.08742 20 17 9
-0.19522 0.09182 17 39
0.29919 0.12365 7 28
-0.26629 -0.06090 6
-0.17013 1.00000 
-0.06136 -0.02170 13 2 33 12
0.30860 0.34507 25
0.83462 -0.37714 
0.09617 0.01734 12 5 7
-0.78642 -0.61083 
-0.13992 -0.01376 23 5 30
-0.05175 0.04267 22 26 0 4 37 29
0.34912 -0.12292 32
0.24774 0.24929 9 28 18
-0.14554 -0.09203 23 6 5 3 38
0.00503 -0.33606 36 35
0.21107 0.12000 0 14 25
-0.03135 0.16951 37 34 23
-0.20468 -0.09407 33 22
0.17111 0.04434 8 37
0.24648 -0.07641 0 24 8
-0.12191 -0.12847 6 2 17 30 3
-0.05279 0.28522 29
0.07047 -0.19718 27 0
-0.05291 -0.42912 27
0.03208 0.08319 31 23 29 10
-0.25120 -0.16863 26
-0.29796 0.18977 13 11
