70
0.33346 -0.12321 27 15 22 51 5 21
0.26896 -0.27427 7 47 22
0.37081 0.24327 44 14 10
-0.21005 -0.54724 38 59
0.31118 -0.48795 51 66 45
0.25357 -0.42829 55 45 0
0.28027 0.24884 44 24 39 48
-0.01669 -0.09682 1 57 38 12 40 8
0.12609 -0.10354 27 32 45 7
0.30198 0.44212 21 37
0.61801 0.28541 30 18 2 23
-0.18362 0.13170 14 40 25 57
-0.13522 -0.00937 56 14 7 64 25
-1.00000 0.04619 17
0.02002 0.26963 16 61 12 11 2
0.20486 0.24193 58 0 24 37 23
-0.21437 0.18443 14 35 52 39 20
-0.71198 0.04591 52 31 13
0.74059 0.22064 30 10
-0.52282 0.16139 20
-0.20291 0.03433 56 25 29 16 19 32 66
0.30501 0.11851 33 9 39 0
0.40558 -0.31171 47 0 1
0.51203 0.39641 10 48 15
-0.04727 0.12485 35 64 6 53 52 15 68 39
-0.15428 -0.14041 64 20 47 49 67 11 12
-0.29525 0.66244 29
0.03087 0.05177 8 58 0 41 39 29
-0.45077 -0.55241 59
-0.15948 0.36047 20 26 27 53 37
0.44184 0.13600 18 61 10 46 44
-0.46857 -0.11675 57 17 35 54 59
0.02274 0.14782 58 8 20 37 44
0.07736 -0.04754 21 45 69 60 54
-0.45574 0.34223 62 57
-0.29040 0.00413 24 56 16 31 63 58
0.09948 -0.75294 55 43
0.03317 0.43064 62 9 32 29 15
-0.07722 -0.32276 3 7 41 44 67 65
0.08566 0.09315 41 21 16 40 27 6 42 44 24
0.00432 0.21521 39 11 7 61
-0.08018 -0.17548 39 57 27 38 55
0.14964 0.18953 49 60 39
0.25539 -0.66356 45 36
0.22515 -0.00898 6 2 45 38 32 30 39
0.22507 -0.31580 43 33 44 5 46 8 4
0.14900 -0.17158 56 30 45 59
0.13580 -0.25617 22 56 1 25 68
0.51369 0.48845 6 23
-0.08940 0.03369 69 64 53 42 25 59
0.08827 0.61971 53 61
0.50528 -0.40263 4 0
-0.38586 0.17739 16 58 17 24
-0.06005 0.38044 50 24 49 29
-0.28102 -0.25019 65 31 33
-0.00493 -0.46464 36 5 41 64
-0.07490 -0.12708 35 46 47 12 20
-0.32483 0.03638 41 31 7 34 11
-0.12133 0.24348 60 52 27 32 15 62 35
-0.22642 -0.29850 49 28 46 31 3
0.08482 0.26497 58 42 33
0.20643 0.39629 14 30 50 40
-0.24815 0.47207 37 58 34
-0.47262 -0.18715 64 35
-0.20712 -0.16311 24 25 49 63 12 55
-0.30878 -0.48091 54 38
0.03095 -0.32215 4 20
-0.23788 -0.41229 25 38
0.20161 -0.07723 24 47
0.10115 0.15082 49 33
