50
0.09546 -0.19104 46 24 49 16
-0.14354 -0.30004 48 19 12 15 14 44
-0.02279 -0.44208 14
-0.08753 0.70547 6
0.10073 0.38836 22 37 38 7 23
0.55571 0.02376 42
-0.06191 0.64786 3 18 32 38
0.16374 0.45134 37 4
0.52226 0.07132 42
0.06132 0.07984 28 22
-0.16109 0.04711 26
-0.37909 -0.35297 12
-0.27907 -0.34025 1 11
-0.29116 -0.04562 39 40
-0.04579 -0.33492 2 34 1 24 49
-0.02327 -0.26477 27 1 46
0.23169 -0.17366 0 45 21
-0.12804 0.84528 18
-0.09690 0.76435 6 17
-0.09419 -0.18650 40 24 1 31
-0.95750 -0.14059 
0.35155 -0.09928 47 42 16 33
0.05705 0.21100 35 4 23 9
0.06327 0.32257 41 4 22
-0.01440 -0.22412 19 46 0 14
0.05195 -0.21347 29
-0.10477 -0.01319 35 29 10 39
0.08929 -0.30174 15 45
0.03442 -0.06709 9 49 29
-0.03800 -0.13243 48 25 26 28
-0.35914 -0.09721 40
0.08830 -0.16119 47 45 19
-0.14060 0.66472 6
0.44189 -0.12412 21
-0.07503 -0.44051 14
-0.00220 0.04114 46 26 22
-0.07358 -1.00000 
0.21466 0.43683 4 7 43
0.02300 0.52995 4 6
-0.22005 -0.00476 26 13
-0.24826 -0.12500 19 30 13
0.02727 0.39199 23
0.46700 -0.00481 5 21 8
0.30893 0.46020 37
-0.20412 -0.38702 1
0.16247 -0.23384 31 16 27
0.01070 -0.13031 0 35 24 15
0.23138 -0.12064 21 31
-0.12103 -0.22266 29 1
0.01900 -0.20725 0 28 14
