50
0.09132 0.12848 30 49 32
0.10666 0.02264 19 23
-0.20041 0.10582 22 10
-0.11743 -0.04344 21 39 6 11
0.12182 0.12646 32 38 23 43
-0.06453 -0.07685 21 6 37
-0.10139 -0.13431 26 5 3 15
-0.56422 -0.76266 
-0.06101 0.29522 22 33
0.20060 -0.09827 19 27 43
-0.15380 -0.02134 30 40 2 24
-0.12117 0.10505 22 45 23 13 3
0.20765 0.04309 17 32 36 30
-0.07099 0.03614 46 30 11 28
0.10332 -0.13890 46 27
-0.02291 -0.10688 30 6
-0.35264 0.37595 42
0.31915 0.05522 12
-1.00000 0.15998 
0.17289 -0.05116 1 9 44
-0.73497 0.68875 
-0.00140 -0.08447 5 3 43 25
-0.17363 0.22412 2 11 42 8
0.01335 0.06861 46 37 11 4 1
-0.19282 -0.13846 26 39 10
-0.05845 -0.19411 26 21
-0.14014 -0.20480 6 24 25
0.18684 -0.17842 9 14
-0.17411 0.04417 13
0.21221 0.08344 32 43
0.02950 0.00706 44 0 10 15 13 12
0.75825 -0.68673 
0.18314 0.15025 4 29 12 0 34
0.06812 0.29736 49 34 8 38
0.16919 0.26561 33 32
-0.05882 -0.94138 
0.31357 0.00542 12
-0.04049 0.01568 23 5
0.12658 0.24592 4 33
-0.20709 -0.10036 3 24
-0.26198 -0.06481 10
0.99452 -0.04484 
-0.27857 0.31410 22 16
0.13762 0.00051 21 4 29 9
0.11107 -0.05610 30 19
-0.21776 0.19147 47 11
0.02157 -0.03256 23 13 14
-0.26849 0.26354 45
0.90554 -0.39282 
0.08473 0.23361 33 0
