50
0.12216 0.15809 30 7 26
0.06516 0.18964 44 22 26
-0.24805 0.23106 10
0.24722 -1.00000 
0.08176 0.06193 13 24 42 36
-0.04616 -0.13292 12 21 38 32
-0.20251 0.03760 34 12 39 47 40
0.23544 0.11632 0 26 28
0.27295 -0.07745 42 28
0.12497 0.22622 37
-0.13430 0.13785 44 2 12 30
-0.03226 0.15990 45 19 18 30
-0.12064 -0.00107 6 5 25 10 27 30 41 38 20
-0.05135 0.17814 4 22 18 39 45
0.06492 0.09627 30 37 36
0.06360 -0.00144 29 18 37 35 31 17
-0.01900 -0.15476 34 43 33 31
0.08660 -0.06202 28 38 15
0.02982 0.14597 13 15 11
-0.02435 -0.01096 11 25 46 29 42
-0.11471 0.05861 44 12
0.03617 -0.19512 29 5 33
-0.02409 0.23925 13 1 30
0.16880 0.04521 36 28 44
0.11780 0.02854 35 4 44
-0.10378 -0.05100 34 12 19 27 41 29
0.14423 0.08868 7 0 32 1
-0.06261 -0.10202 12 31 25 29
0.23384 0.00016 17 8 23 7
0.00154 -0.06693 44 21 15 27 19 25 32
-0.04948 0.11338 0 14 12 39 34 22 10 11
0.03314 -0.13420 27 15 16
0.06565 -0.08578 48 26 36 5 42 29
0.10641 -0.15149 36 16 42 21
-0.08253 -0.01578 6 25 37 43 16 30
0.18497 -0.03321 24 15 42
0.12617 -0.02010 33 23 14 32 4
0.00342 0.10319 14 15 34 9 40
-0.09792 -0.08165 41 17 49 46 12 5
-0.17859 0.08563 47 6 49 30 13
-0.14063 0.08645 41 6 37
-0.19342 -0.00961 47 38 40 12 25
0.13507 -0.06239 8 33 4 32 19 35
-0.11739 -0.15483 48 49 34 16
0.01159 0.06897 10 29 1 20 23 24
-0.06535 0.27918 11 13
-0.15219 -0.09565 19 38 49
-0.27808 0.04935 41 39 6
-0.02561 -0.21659 43 32
-0.19840 -0.06863 43 38 39 46
