100
-0.07415 -0.17622 33 89 8
-0.23448 0.10463 72 4 12
-0.12935 -0.01004 49 75 79 67
0.04583 0.05697 88 32 92 31 13 15 20 95 64
-0.28699 0.08244 1 72
-0.00283 0.01302 63 47 62 64 50 20
0.23208 0.08684 31 60
-0.10274 -0.08957 11 33 15 94
-0.01882 -0.16454 65 14 70 22 0
0.18819 -0.12932 52 50
-0.08456 -0.04819 64 33 51
-0.14840 -0.18223 86 7
-0.12775 0.09178 80 75 61 1
0.17566 -0.05506 3 93 42 94
0.02954 -0.09326 8 74 23 66 46 86 33
-0.11624 0.04369 3 27 7 47 57
-0.13293 0.13437 97 81 64 56 61
-0.10761 0.21463 95
0.19822 0.04597 74 76 39
0.23863 -0.00122 28 62
0.01795 0.11963 3 5
-0.09758 -0.06673 72 99 35 67 74 89 47
0.00763 -0.03596 45 53 36 80 8
-0.01768 -0.02972 14 38 98
-0.03283 0.02685 72 94 78
0.01345 -0.15508 96 80
0.05303 0.09496 68 75 29 32 71 39 43
-0.23898 0.07754 15
0.16941 0.06081 76 68 58 50 19
0.03053 -0.02847 33 31 84 89 26
-1.00000 0.47939 
0.12820 0.00630 6 3 29 55
0.09709 0.15811 3 26
-0.06646 -0.07733 29 97 0 7 64 41 10 70 14
0.27420 -0.05978 77 48
-0.14743 -0.14954 21 86
0.07177 0.07949 39 82 22 78
-0.13747 -0.20923 67 89
-0.02969 -0.05516 95 71 23 45 96 73
0.14473 0.08270 36 88 92 84 60 26 18
-0.18173 -0.28039 67
-0.17588 -0.10500 47 33
0.28389 -0.11863 13
0.03732 0.19261 87 82 53 26
0.00261 0.04647 92 91 59 83
-0.01376 -0.13083 22 38
0.10457 0.02541 88 68 14
-0.12685 -0.03585 5 41 15 21
0.24625 0.02414 34 78
-0.04211 0.11392 2 54 58
0.08441 -0.06240 28 83 9 86 5
-0.01574 -0.00182 83 64 75 84 10
0.20659 -0.05784 9 62 92
-0.01266 0.09817 22 95 43 75
0.03313 0.09487 88 95 83 49 87 71 74 78 56
0.04311 -0.06841 31 89 80 74
-0.06829 0.11433 99 54 16
-0.09368 0.15088 63 82 15
0.05551 0.15498 28 49 61
0.09654 0.08296 74 44 78 98 60
0.19757 0.13265 6 39 59
-0.05529 0.16931 95 82 58 12 16
0.14495 -0.03408 52 5 77 74 19
-0.11590 0.07317 57 5 90
-0.07405 0.02676 10 51 99 33 16 98 79 5 3
-0.08352 -0.24888 8 67
0.10356 -0.13910 77 14 94
-0.13719 -0.16811 65 37 21 2 40
0.12030 0.11220 26 92 28 82 46
-0.25817 0.00025 91 90
0.00719 -0.08705 83 99 8 96 74 33
0.03292 0.01821 80 54 38 84 83 26
-0.17938 0.02639 21 24 1 4 73
-0.13942 -0.07721 86 72 38
0.06640 -0.00981 59 78 14 21 54 70 18 62 55
-0.07544 0.05753 51 12 53 2 26 90
0.27315 0.08118 28 18
0.16644 -0.09894 66 34 84 62 96
0.10698 0.05177 74 36 24 59 54 48
-0.19563 0.01163 64 2 90
-0.03704 -0.03427 25 71 12 22 55
-0.20596 0.23183 16
0.01784 0.16909 36 68 43 61 57
0.04158 -0.00363 51 54 70 44 50 71
0.10002 -0.01832 29 51 77 71 39
0.90151 -0.75060 
-0.05722 -0.13528 73 11 35 50 14
0.08541 0.20044 43 88 54
0.10276 0.12496 54 3 39 87 46
-0.07933 -0.09519 90 55 37 0 29 21 97
-0.16676 -0.00472 89 63 79 75 69
-0.16237 0.02125 69 44
0.13035 0.03758 68 3 44 52 39
0.30086 -0.08694 13
0.02956 -0.06538 99 24 7 66 13
-0.05024 0.09356 61 54 17 53 38 97 3
0.06362 -0.13524 25 70 77 38
-0.10997 0.01783 16 33 95 89
-0.00082 0.06362 64 59 23
-0.05367 -0.00951 21 94 70 56 64
