50
-0.13583 0.31737 28 11 23 36 49 33 41
0.41515 0.19790 44 34
0.37024 -0.17701 9 10 25
-0.36939 0.02146 35 46
-0.50226 -0.37965 32 45
0.24965 -0.16494 13 43 7 12 42 25
0.07386 0.63953 18
0.16261 -0.31053 49 34 39 10 27 15 5
-0.53891 -0.11565 19 16 45
0.32143 0.08921 18 42 49 2 43
0.11159 -0.16125 13 41 7 37 12 2 24 26
-0.43751 0.38790 33 35 0
0.03042 -0.14908 41 25 20 49 10 45 5
0.00767 -0.24334 5 10 29 49 26
0.29064 0.42722 42 18
0.26643 -0.03664 25 40 49 30 21 7 34
-0.43749 0.17342 8 28 26
-0.28640 0.12246 30 32 47
0.02192 0.31214 26 9 28 23 6 38 14
-0.64115 -0.11010 8 31
-0.10852 -0.11328 12 36 25 45 39
0.46572 -0.01999 15 49
0.85543 0.39299 44
-0.13180 0.45529 36 18 0
-0.05200 -0.43050 45 10
0.17105 -0.08071 15 43 12 20 47 2 37 5
-0.16640 0.04789 18 16 35 10 13
0.19948 -0.71938 7 48
-0.24209 0.38603 0 18 16 33 30
-0.17765 -0.48990 13 45
-0.03321 0.24283 17 15 28
-0.28855 -0.08869 46 19 34
-0.41977 -0.15168 4 35 39 17
-0.34593 0.52902 11 28 0
0.08273 -0.07399 7 31 1 39 15
-0.47572 0.10825 32 11 3 26
-0.17530 0.22086 47 20 23 0
0.27527 0.07190 44 10 46 25
-0.19171 -0.00427 18 45
-0.12833 -0.26407 7 45 32 20 34
0.54634 -0.14374 43 15
0.10913 0.11655 12 42 10 0
0.36465 0.17643 9 41 14 44 5
0.33317 -0.08904 40 25 5 9 46
0.58318 0.25873 22 37 42 1
-0.25573 -0.27947 4 39 20 24 12 8 38 29
-0.02201 -0.01420 31 37 3 43
-0.06338 0.12028 36 25 17
0.16783 -1.00000 27
0.15145 -0.00456 7 9 15 12 0 21 13
