90
0.06151 -0.33026 65
0.16626 0.07091 63 75
-0.15787 0.16907 84 74 85
0.06634 0.07173 40 39 21 70 53 29
0.01132 -0.02803 59 26 79 56 60
0.00553 0.23376 64 17
-0.04884 -0.05933 38 8 34 46
0.05917 0.08763 56 64 89 24 83
-0.08893 -0.06909 45 86 6 30 47
-0.06914 -0.18137 69 65 86
-0.18122 -0.06179 47 76 81 73
-0.12574 0.06127 22 16
0.11241 -0.05738 23 77 67
0.49461 -0.77675 
-0.07198 -0.03137 33 22 48 67 73
0.06027 0.10422 18 68 29 21 24
-0.05676 0.00139 55 40 63 37 11
0.07125 0.21287 19 5
-0.08461 0.14880 15 61
0.07850 0.09102 60 88 17 23 30 38
0.04690 0.06668 54 28 23
0.14649 0.12336 88 3 15 75
-0.05072 0.08400 14 11 24 39
0.07885 0.00741 29 87 12 66 20 37 19 77
0.04877 0.11758 70 54 22 80 15 28 7 38
-0.31074 0.10268 36 74 35
-0.03867 -0.08414 4 59 45 69
0.01093 0.07087 30 77
0.02220 0.13361 64 20 24 51 59
0.06054 0.01919 89 23 15 79 3 78
-0.03039 0.02610 56 53 27 37 8 19 58 52
0.07997 -0.12039 68 65 77
-0.01312 -0.13423 71 50 86 33 63
0.01564 -0.07315 14 77 76 87 32 60 68 34
0.01431 -0.17476 82 6 65 33 62
-0.24621 0.00790 48 81 61 69 25
-0.39738 0.14621 25
-0.00316 0.03270 58 63 30 16 23
0.04606 0.04239 6 59 88 24 19
0.00213 0.14392 43 3 22
0.02532 -0.01303 3 58 16 72
-0.12738 -0.13019 79 50
-0.10130 0.07689 56 79 58 57
-0.01910 0.08303 39 79 63
1.00000 0.07044 
-0.10185 -0.12472 8 26 52
-0.16807 0.00713 61 6
-0.12278 -0.03026 10 69 53 56 8
-0.20214 -0.02767 35 14 81
0.30422 0.12385 75
-0.09466 -0.20332 32 41
-0.03031 0.23781 28
-0.10103 -0.04108 76 79 81 54 87 73 45 30
-0.03723 0.01409 30 3 47 79
0.00447 -0.00719 20 24 78 86 52
-0.15240 -0.04103 73 16
-0.04768 0.03849 30 42 7 4 47
-0.04823 0.10318 42 63
-0.07612 0.05653 37 64 87 40 42 74 30
0.06222 -0.00249 4 26 38 67 63 66 89 28
0.11109 0.01083 19 33 4 75
-0.19717 0.08608 46 35 18
0.01154 -0.28048 71 34
0.04100 0.02852 70 1 37 16 43 59 88 32 57
-0.03684 0.12724 58 28 73 7 5
0.03086 -0.22966 31 0 9 34
0.16002 -0.00778 23 83 59
0.05035 -0.08908 72 14 12 59 82
0.10807 -0.01952 31 15 33 83
-0.15200 -0.09359 9 35 47 26
0.12388 0.10223 24 3 63 75
-0.01867 -0.25041 32 62
0.10454 -0.09695 67 40 78
-0.12589 0.01472 55 14 64 52 10
-0.20626 0.12216 25 2 58
0.20552 0.08776 1 83 70 49 21 60
-0.10402 -0.09834 52 33 10
0.03884 -0.00322 33 12 27 31 85 23
0.08234 -0.07654 82 54 72 29
-0.07083 -0.00081 43 41 52 4 42 84 29 53 86
0.10802 0.22107 24
-0.22094 -0.04917 35 52 48 10
0.08284 -0.16159 78 34 67
0.16747 0.04328 66 75 68 7
-0.15132 0.10255 2 79
-0.05834 0.12789 77 2
-0.05042 -0.09542 8 54 87 32 9 79
-0.02453 -0.03387 23 58 33 86 52
0.11754 0.07955 21 38 89 19 63
0.12282 0.04688 29 88 7 59
