70
0.18992 -0.05056 37 55 49
0.11434 -0.21248 61 35 63 59 28
-0.15225 -0.08678 68 44 29
0.17272 0.28565 18 64 50 23 8
-0.08544 -0.19725 40 69
-1.00000 0.14211 
0.01194 0.22986 39 64 11
-0.14284 -0.13329 54 61
0.27820 0.25678 48 41 3
0.16741 0.12302 59 12 41 36 33
-0.05022 0.11058 51 60
0.04370 0.25561 65 25 6
0.09213 0.08163 18 59 42 60 9 37 65 45
0.03320 -0.07766 28 17 27 55
-0.16470 0.21751 39
-0.45427 0.07201 30
0.02490 -0.39668 24 63
-0.01694 0.05293 13 54 49 33
0.10791 0.19813 3 12 45 33 66
-0.36096 -0.95257 
-0.77555 -0.82366 
-0.42035 -0.22262 56
0.04276 -0.18668 55
0.14344 0.23966 43 3
0.06112 -0.39314 16 63
0.13184 0.31593 26 33 11
0.23291 0.32928 25 41
-0.00620 -0.11757 69 13 32
0.07988 -0.14964 13 46 1 60
-0.25616 -0.15683 2
-0.35599 0.01067 15 57 54
0.06847 -0.02752 62 55 44
0.03946 -0.15309 61 59 27
0.07889 0.21174 38 45 43 18 25 9 53 17
0.06996 0.03456 62 68 42
0.25421 -0.30768 58 1
0.27777 0.18838 9 41
0.18762 0.02131 0 12 42
0.03815 0.32269 33 51 50
-0.05913 0.14456 14 6 65 45 69
-0.12783 -0.32774 4
0.21232 0.21366 26 8 9 66 36
0.10077 0.05472 64 69 12 34 37
0.12653 0.10084 23 33 55
-0.04448 -0.10550 2 59 31 47
0.03189 0.16591 33 18 39 65 12
0.06942 -0.26053 61 28
-0.12492 -0.21783 56 61 63 44
0.28278 0.15287 62 8
0.11353 0.02494 66 0 17
0.11420 0.39379 3 38
-0.01525 0.21633 66 10 38
0.61939 0.96076 
0.09797 0.34886 33
-0.19433 -0.00650 17 30 7
0.09990 -0.09698 22 13 0 63 31 43
-0.31197 -0.18560 47 57 21
-0.39043 -0.09074 30 56
0.35570 -0.36868 35
0.07201 -0.03759 68 32 12 9 44 65 1
0.02287 -0.00435 68 10 12 28
-0.01988 -0.21699 1 47 32 46 7
0.17129 0.07641 34 48 31 64
0.03003 -0.27120 16 24 1 55 47
0.12836 0.17609 42 3 6 62
0.01731 0.10384 39 68 59 45 11 12
0.07599 0.12777 51 49 69 41 18
-0.09942 -0.10825 69
-0.03389 0.00019 59 2 60 65 69 34
-0.02174 -0.01742 27 67 42 66 39 68 4
