100
0.19671 0.12289 34 94 21 51 73
-0.16114 -0.25707 65 42 8 4 67 40
0.00555 -0.27908 40 93 15 87
-0.33282 0.36696 32 22 81 27 79 38
0.17886 -0.22217 45 17 58 73 87 76 53 1
0.02944 -0.40443 13 26 11
-0.36823 -0.13134 63 48 94 89 28
-0.42775 0.03740 42 69
-0.30890 -0.07363 69 1
-0.45325 -0.60315 93
0.56309 -0.38797 29 87
0.15286 -0.29623 92 87 82 39 5
-0.04854 0.73734 77 86
0.01923 -0.05499 44 5 35 22 98
0.40148 0.14913 68 46 34 24 25 83 66 96
-0.10090 -0.23414 37 74 2
-0.45642 0.18566 89 36
-0.00583 -0.32385 4 37 49 82
-0.18540 -0.32727 33
0.04967 0.35279 22 98
0.35358 0.40789 60
-0.03014 0.30620 0 30 33
-0.09557 0.23003 69 84 66 19 3 13 63
0.53731 -0.09478 96 24 45 53
0.32740 -0.05621 55 39 23 99 14 41
0.22798 -0.07504 37 14 98
-0.13195 -0.50084 5 95 28 44
-0.38119 0.27809 32 70 89 3
-0.39122 -0.43501 6 26
0.42413 -0.32193 45 52 10
-0.18501 0.59408 77 86 61 21
0.02816 0.21730 84 41 40
-0.28954 0.16282 27 3 72 99
-0.00976 -0.03872 64 39 66 35 21 18 49
0.38168 -0.00005 66 0 76 87 14
0.12316 0.24844 52 77 97 13 33 62
-0.20738 0.22265 49 86 62 16
0.07391 -0.36366 25 15 17 44 95 67
-0.45606 0.39450 61 74 91 63 3
0.21406 -0.36143 24 75 85 33 11
-0.11587 -0.07253 54 2 31 98 1
0.22814 0.17313 31 60 98 24
-0.42377 -0.13092 1 94 59 7 72 64
0.94308 0.21515 96
-0.06999 -0.33927 13 37 49 26
0.24387 -0.23156 4 29 94 75 23 56 76
0.13779 0.36837 70 14 84
-0.33041 0.08378 94
-0.21271 -0.23735 82 6 95 64
-0.17039 -0.15174 56 17 36 93 44 33
-0.15174 -1.00000 57
0.50605 0.23175 68 83 96 0
0.17616 -0.14269 35 90 65 29 95 80
0.50880 -0.24753 4 23
-0.30329 -0.30172 40 65
0.29740 -0.24442 24 58
-0.05394 -0.11224 64 49 45 74
-0.08713 -0.73802 50 85 65
0.03721 -0.11634 82 4 65 89 60 55
-0.72443 -0.14035 42
0.12257 0.19956 20 90 69 58 41 73 86
-0.45742 0.69034 38 81 30 78
0.03961 0.30047 83 36 35 79
-0.37231 0.19541 6 38 70 22
-0.23935 -0.02242 33 56 48 70 42
-0.11138 -0.35566 1 58 52 72 57 54
0.17041 0.05651 34 22 76 69 33 92 14
-0.03317 -0.48815 37 1 95
0.63146 0.29306 14 51
-0.10106 0.07163 22 60 8 66 92 7
-0.20634 0.28824 46 27 64 63
0.35540 0.87542 97
-0.31227 -0.11575 74 65 32 42
0.11112 0.02176 74 4 60 0 80
-0.18920 0.06041 89 73 15 38 56 72 98
0.36747 -0.47992 39 45
0.35662 -0.16747 34 88 66 4 45
0.01264 0.58533 30 12 35
-0.59491 0.91693 61
-0.13285 0.16913 99 82 62 3
0.26600 -0.05152 95 83 73 52
-0.50728 0.59951 61 3
-0.05287 -0.16348 48 11 58 94 17 79
0.33224 0.23110 51 62 14 80
0.01859 0.43068 22 31 46
0.12672 -0.68544 57 39
-0.07585 0.48148 30 36 60 12
0.32744 -0.22603 11 90 34 4 10 2
0.33907 -0.40892 76 95
-0.25268 0.06814 74 16 58 98 6 27
0.24979 0.01219 52 87 60 99
-0.69592 0.54094 38
0.11225 -0.07674 11 69 66
-0.25571 -0.37620 94 49 9 2
-0.13193 -0.11403 93 45 82 42 6 0 47
0.08536 -0.33245 48 88 37 80 52 26 67
0.68464 0.13854 23 43 51 14
0.27148 0.62195 71 35
0.01298 0.10324 19 89 25 40 74 41 13
0.03253 0.07556 90 79 24 32
