50
-0.26552 -0.01081 30 10
0.14856 0.59984 18 44
0.15021 -0.46888 36 43
-0.03971 0.16943 37 16 12
-0.15936 -0.16949 13 17 37
0.05233 -0.22883 31 19
0.10000 0.33722 12 47
0.24514 -0.46166 36 48 43 42
-0.09572 -0.21680 31
0.18118 0.28163 39 12
-0.11827 0.01341 31 40 46 0
-0.13174 -0.43056 13
0.07416 0.21036 33 6 46 21 3 15 9
-0.08585 -0.33258 4 11 36 26
1.00000 0.19726 
0.14407 0.15224 12 38
0.03254 0.29984 45 3 33 22
-0.21724 -0.26719 26 4
0.04804 0.58721 1 34
0.13197 -0.29737 28 5
-0.33547 0.20633 27 25
0.17513 0.22673 38 12 23
0.17163 0.38221 39 23 44 16
0.23649 0.30404 22 21
0.23778 -0.97241 
-0.24672 0.14756 27 40 37 20
-0.18617 -0.34560 17 13
-0.35096 0.16856 20 25
0.16605 -0.37733 19 43 36
0.00672 -0.31565 36 32 31
-0.37634 -0.02557 0
-0.04400 -0.16566 10 5 8 29
-0.01045 -0.41453 29
0.00196 0.22128 12 38 16 40
-0.04162 0.49761 49 18
-0.89658 -0.58088 
0.08706 -0.39711 7 29 13 28 2
-0.15741 0.03378 4 3 25
0.10868 0.19136 21 33 15
0.24686 0.35544 22 9
-0.12595 0.18933 49 10 25 33
-0.88973 0.37840 
0.34752 -0.48091 7
0.21147 -0.43708 28 7 2
0.19493 0.51182 22 1
-0.03813 0.37489 49 16
-0.02046 0.10056 12 10
0.11630 0.43649 6
0.31549 -0.53702 7
-0.09888 0.35908 40 45 34
