30
0.18004 0.15334 18 11 6
0.05649 -0.09724 6 2 14
0.03985 -0.18100 22 10 1
-0.14221 0.34780 11 15
0.02443 0.24557 11 16
-0.06324 0.15601 17 9 13 19
0.18658 0.03215 16 1 0 21
1.00000 0.44621 
-0.54932 -0.24176 29
-0.09642 0.01641 24 27 22 5 14
0.05529 -0.32464 2
-0.01202 0.18730 4 0 3 24 22
0.58196 -0.78478 26
0.05780 0.19316 16 5
-0.12654 -0.11085 23 1 9
-0.22748 0.46305 3
0.05337 0.10778 13 4 22 24 6
-0.20100 0.05386 23 5 24
0.32293 0.14986 0 21
0.01430 0.31216 5
0.49481 0.04556 21
0.35985 0.05532 18 20 6
-0.00240 0.00119 2 27 16 9 11
-0.28719 -0.09460 17 14 29
-0.08894 0.10155 9 16 17 11
-0.92897 -0.61539 
0.63016 -0.85581 12
-0.08864 -0.06005 9 22
-0.80618 0.47778 
-0.43732 -0.17990 23 8
