60
0.01873 -0.05691 41 19 4 51 22 16 53 48 34 45
-0.01362 -0.23761 49 29 20
0.15378 -0.10303 20 25 16
0.13535 -0.03474 51 20 24 59 8 40
0.16813 -0.12993 0 8
0.24719 0.09211 25 37
-0.39223 0.12395 10
-0.02029 0.14867 31 48 26 36 57
0.24282 -0.09953 4 3
0.02296 -0.17610 43 19
-0.28187 0.08394 58 6 44
-0.19751 0.14228 44 47
0.95187 0.17267 23
0.00706 -0.10517 35 24 19
-0.01167 0.18220 47 32 56
-0.04988 -0.14892 19 46 43 29 55
0.07529 -0.13890 39 42 49 0 2
-0.10351 -0.04363 42 56 54 27
-0.14635 -0.13623 38 42 21 50 53 54
0.02719 -0.02852 0 15 33 26 28 34 13 9
0.04585 -0.12478 3 2 1 22 42
-0.14771 -0.04875 34 18 47 29
-0.05022 -0.02774 0 20 44
1.00000 0.16375 12
0.05904 -0.03203 56 3 13 27
0.15892 0.01293 5 26 39 41 2
0.04719 0.04709 25 37 7 19 31 27 46 59 56
-0.02565 -0.09211 55 45 49 24 17 26 46
0.10163 0.13103 37 19 32
-0.11277 -0.16991 1 50 15 21
-0.84393 0.78617 
-0.04294 0.10054 7 34 26 44 56
0.07636 0.23992 14 28
-0.01257 0.02043 51 19 47 34
-0.04685 0.00924 21 41 31 19 0 33
-0.10258 -0.10705 13 48 38 43
-0.08986 0.18286 48 7 52
0.17033 0.12199 5 26 28
-0.17797 -0.20359 18 35 55
0.14175 -0.05871 16 25 41
0.10534 0.04762 41 3 56
0.03475 0.01312 0 34 50 40 25 52 39
-0.07318 -0.11459 17 18 43 16 58 20
-0.06340 -0.20150 9 42 15 35
-0.13719 0.07659 56 48 52 11 10 31 58 22
-0.10871 -0.02280 27 47 54 0
-0.00829 -0.05576 15 26 27
-0.11172 0.07750 14 33 21 11 45
-0.05024 0.06646 36 44 7 59 35 57 0
0.04069 -0.21451 1 27 16
-0.08841 -0.08336 29 41 18
0.06417 -0.07397 3 33 0 53
-0.06664 0.13099 44 57 41 36
-0.02171 -0.14644 51 0 18
-0.19764 -0.07975 17 45 18
-0.10554 -0.21055 27 38 15
-0.01234 0.06496 44 24 17 14 40 31 26
-0.05969 0.19413 48 7 52
-0.20262 0.00100 10 42 44
0.08093 0.07299 3 48 26
