70
0.01422 0.14258 51 24 11 16 32 31 55
0.06365 0.07461 27 21 68 34
0.16182 0.13363 21 55 54
-0.10807 -0.06727 39 64
-0.00508 0.08691 39 67 32 59 56
0.23443 0.00602 25 38
0.01886 -0.04517 57 18 23 45 50 7
-0.03634 0.02068 49 31 52 61 32 6 64 25
0.00581 -0.14387 40 57 46 34
-1.00000 0.11093 
0.06916 0.13610 24 51 49
0.04523 0.17265 56 0 24 61 21
-0.16133 -0.05388 49 20 52
0.11465 -0.10626 22 47 63 19 38 49
0.05293 0.11225 23 68 36
0.24040 -0.11359 50 38
-0.09676 0.11823 39 0 67 53 58
-0.11229 0.00451 68 23 33 35
-0.02314 -0.04780 69 6 29 30
0.18574 -0.10806 59 38 13 65
-0.22296 -0.13487 30 12
0.12944 0.09786 2 1 38 28 25 26 11
0.03334 -0.18458 13 34 62 42
-0.03270 0.06888 17 37 14 6 55 56 49
0.03221 0.23854 10 0 41 11
0.10852 0.01447 5 34 21 29 7 28
0.07442 0.22195 21 56 41
0.02469 0.18850 37 1 29 48 67
0.15313 0.01404 57 51 21 25
0.06274 0.05743 59 69 36 27 68 18 25
-0.14218 -0.12967 20 33 18
-0.07435 0.07620 53 39 37 45 7 61 0
-0.00945 0.06496 39 69 4 7 0 68
-0.15745 -0.08503 40 30 45 17
0.04009 -0.06338 25 39 22 42 8 1
-0.09873 0.02529 58 55 40 17 64
0.12753 0.13838 29 51 14
-0.06674 0.16099 27 31 23
0.19813 -0.02528 21 19 15 54 5 13
-0.04378 -0.00156 32 3 4 31 16 34 68 42 43
-0.09665 -0.10510 8 33 35
0.03324 0.31826 24 26
-0.01699 -0.09528 43 49 34 22 39
-0.00080 -0.10759 57 42 39
0.34229 -0.02567 63
-0.09798 -0.03177 31 6 33
0.02199 -0.11383 49 8
0.06671 -0.24617 13 62
0.06486 0.30866 27
-0.01311 0.00505 7 56 46 53 12 42 61 23 13 10
0.14576 -0.12283 15 6
0.15310 0.08787 0 28 36 63 10 54
-0.16763 0.00042 7 12
-0.12097 0.07294 31 49 16
0.23009 0.07774 38 2 51
0.02456 0.10507 35 2 23 0
-0.00415 0.13825 49 11 4 23 26
0.07973 -0.08735 28 43 8 6
-0.18221 0.09661 35 16
0.07468 -0.01668 29 19 4 64
-0.61396 -0.83797 
-0.02688 0.09624 69 31 7 49 11
-0.01337 -0.30733 66 22 47
0.22805 -0.02219 44 13 51
-0.04195 -0.02580 3 59 68 7 35
0.25861 -0.20119 19
-0.08607 -0.39355 62
-0.05404 0.18922 4 16 27
-0.00780 0.03903 17 29 1 39 14 64 32
0.02113 0.02862 18 29 32 61
