70
-0.12503 -0.27545 46 27 25
0.01567 -0.29641 26 25
-0.33068 -0.18766 3 51
-0.35380 -0.21997 2 57 49 54
-0.31524 0.88747 66
-0.24009 0.15012 60 39 8 68
-0.03197 0.09199 33 7 17 69
-0.16299 0.11591 39 6 65
-0.21875 0.11487 5 36
-0.47392 -0.24760 11 64
0.98948 0.27716 
-0.50892 -0.18561 9 16
0.20842 0.39468 28 24 50
-0.00065 -0.37787 27
0.23042 0.64965 28 35
-0.81451 0.55008 
-0.43110 -0.13544 11 57
0.09639 0.17330 24 23 6 22
-0.19251 -0.20531 27 57
0.27841 0.06891 21
0.40251 0.00693 41 58
0.18598 0.02004 19 62
0.02301 0.21452 24 60 17
0.23792 0.16381 58 42 17
0.14749 0.24411 22 44 17 12
-0.03939 -0.22394 63 56 1 0
-0.00439 -0.33775 45 1 27
-0.06706 -0.28566 0 40 18 48 63 26 13
0.22766 0.53925 14 12 38
0.26545 -0.17848 52 43 30 67
0.32454 -0.07267 52 58 29 41
0.44816 -0.34650 47 43
-0.14663 -0.06006 56 36 33 51
-0.08667 0.02060 36 6 32 69
-0.16842 -0.37139 45 54
0.23669 0.72944 14
-0.14804 0.06247 60 33 32 8
0.16010 1.00000 
0.26633 0.60407 28
-0.25910 0.03751 57 5 7
-0.03220 -0.15699 27 69
0.40949 -0.05425 20 30
0.28253 0.27704 50 23
0.36532 -0.27095 29 31
0.21478 0.11170 24 52
-0.02342 -0.35344 26 67 34
-0.22335 -0.28085 0 51 59
0.50968 -0.40141 31
-0.04978 -0.39385 27
-0.44215 -0.23433 3
0.29278 0.37739 53 42 12
-0.25761 -0.17775 46 2 64 32
0.26998 -0.03059 58 29 44 30
0.35494 0.43392 50
-0.28810 -0.32139 34 3
-0.39122 -0.94008 
-0.03256 -0.10292 25 32 62
-0.30944 -0.11509 39 16 18 3
0.31333 0.03475 23 52 20 30
-0.26345 -0.36624 46
-0.11587 0.16788 5 36 22
0.79801 -0.72569 
0.06816 -0.03351 21 56 69
-0.01191 -0.26854 25 27
-0.36906 -0.23608 9 51
-0.20000 0.20365 7
-0.29494 0.84351 4
0.13212 -0.28208 45 29
-0.31401 0.21058 5
-0.01679 -0.02353 40 33 62 6
