30
0.56593 0.12192 20 25 17 2
-0.08218 -0.03723 28 23 16 9
0.30190 -0.06161 7 6 4 23 29 25 0
-0.19026 0.56184 14 9 27
0.21925 0.28401 5 24 2 17 20 27
0.49283 0.20137 21 4 17
-0.10291 -0.11723 10 2 25 24 14 26
0.54755 -0.31434 2 20 23
1.00000 -0.20054 20
-0.38342 0.21239 19 18 16 1 3
0.22241 -0.20244 6 23 15 25
-0.21360 -0.39901 21 24 29
-0.37483 -0.04591 14 26 16
-0.73795 0.46671 24
-0.15893 0.13282 23 3 12 29 6
0.00810 -0.38140 26 28 10 16 23 21
0.04992 0.07855 20 17 15 1 9 23 25 12
0.38168 0.41986 16 27 4 5 0
-0.54426 -0.19934 26 29 9
-0.66585 -0.00164 9 26 24
0.49469 -0.08589 16 8 7 0 25 28 4
0.23710 -0.31225 5 11 15 23 29
-0.87886 0.22939 24
0.12606 -0.16675 25 10 14 2 1 7 15 29 16 21
-0.35668 0.10968 25 4 22 19 6 11 13
0.15848 -0.00076 23 29 24 20 6 16 2 0 10
-0.39548 -0.29384 15 18 29 19 12 6
0.17392 0.67712 17 4 3
0.18799 -0.42723 1 15 20 29
-0.08259 -0.24826 25 18 26 28 2 14 23 11 21
