70
-0.10185 -0.01128 51 50 54 35 46 24 15
0.08967 -0.05735 58 24 48 43 31 9 30 28
-0.07051 0.09415 44 57 25 47 59 54 64
0.01455 0.21706 40
0.15892 0.07679 55 9 20
-0.10639 -0.18480 33 49 47
-0.08087 0.07986 11 50 40
0.05609 -0.12126 8 47 52
0.07627 -0.01582 7 38 63 20
0.15615 -0.00877 17 45 4 1
-0.13472 -0.13953 18 35
-0.06227 -0.02487 6 65 18 46 58 31 25
-0.05951 0.04059 13 20 26 60
-0.12944 -0.04579 12 18
0.20298 -1.00000 
-0.17647 0.00350 37 56 0
0.04935 -0.15542 53 49 48 51
0.08846 -0.02291 53 9 40 21
-0.03309 -0.06010 41 11 10 61 58 13 48 56
0.14030 0.05498 68 61 66 69 55
0.04551 0.07275 12 56 8 41 4 69
-0.01334 0.07150 56 40 17 26
0.17959 -0.02235 55 52
-0.01120 0.13130 55 41 26
-0.00299 -0.08957 52 1 65 0
-0.00596 0.05307 2 55 11
-0.10062 0.11135 67 46 12 27 39 44 23 21
-0.18014 0.20824 64 26
0.05532 -0.05289 63 66 45 1
0.04052 0.19324 68 50
0.07018 0.04743 40 60 34 68 1 31
0.03182 -0.05240 48 11 1 30
-0.09238 -0.05966 54 66 33
-0.17682 -0.14779 5 32
0.06483 0.16959 57 30
-0.18553 -0.10139 10 0
-0.18407 0.15651 39 50
-0.11109 0.00981 15 54 60 44 46 56
0.13716 0.02024 42 8 66
-0.13817 0.07992 63 36 56 26
0.02123 0.07660 51 17 30 67 21 3 6 60
-0.03189 0.05353 56 18 23 20
0.08162 0.05174 38 54
0.18910 0.00406 68 62 1
-0.13213 0.03036 2 37 65 26
0.08136 0.00655 67 60 48 9 28
-0.15348 0.03379 26 11 37 0
-0.05638 -0.08137 7 2 5
0.05534 -0.09416 31 49 1 16 62 45 60 18
-0.02516 -0.17278 16 65 48 5
-0.08470 0.14121 0 36 6 57 29
0.01357 -0.02602 40 0 55 16
0.09846 -0.08912 24 22 60 7
0.12780 -0.14723 16 17
-0.04739 0.01837 32 37 0 42 2
0.08459 0.06859 4 67 23 51 25 22 19
-0.07966 0.03640 21 41 39 15 20 37 18
-0.02949 0.17723 2 34 67 50
-0.00405 -0.11356 1 11 18
-0.01277 0.19625 2
0.01540 -0.00647 37 45 30 48 12 52 40
0.11850 -0.05161 62 19 18
0.17290 -0.08778 61 43 48
-0.03473 -0.01809 39 28 65 8
-0.14186 0.20080 27 2
-0.08254 -0.08624 49 63 11 24 44
0.04820 -0.00162 32 28 19 38
0.01716 0.11568 26 45 55 40 57
0.13502 0.11289 43 19 29 30
0.15576 0.13409 19 20
