50
0.15874 -0.16514 11
0.07690 0.10692 34 48 16
-0.12504 -0.17125 9
-0.21384 0.07606 40 21
-0.23892 0.18997 17 24
0.25546 -0.10348 32 45 25
0.13513 0.26127 20 43
-0.09093 0.06097 46 22 40
-0.20594 0.28408 28 35 24
-0.06215 -0.08947 2 22 31 10
0.00866 -0.10052 11 9 16
0.07131 -0.10782 23 10 12 0
-0.01125 -0.20823 11 38
-0.88057 0.08781 
-0.01477 -1.00000 
-0.02533 0.19315 39 37 23 44 41 21
0.02295 -0.00768 40 44 10 1 31 32
-0.29130 0.18945 21 4
0.39550 -0.12957 45
-0.15906 -0.11351 40 38
0.11234 0.32155 6 39
-0.18256 0.16793 17 3 15
-0.01677 -0.00011 9 7 23
0.08079 0.05051 11 15 22 42 48
-0.12012 0.16718 40 43 8 4
0.27225 -0.02183 48 5
-0.50865 -0.88059 
-0.53309 -0.72834 
-0.13016 0.29933 8 34
0.17631 -0.23529 32
0.89845 0.38562 
-0.04138 0.00041 44 9 16
0.14106 -0.12462 5 29 16
-0.01128 0.31100 34 39
-0.03021 0.22635 1 46 28 33
-0.28769 0.35787 8
0.30532 0.11010 48
0.01642 0.31406 15
-0.11254 -0.21785 12 19
0.03516 0.24356 15 44 20 33
-0.12447 0.02112 24 19 3 16 7
-0.06499 0.30569 15
0.16997 0.10375 23
0.07138 0.16309 48 24 6
0.00022 0.10929 39 31 16 15
0.31245 -0.05466 48 18 5
-0.08191 0.15315 7 34
0.31733 0.06217 48
0.20565 0.06031 45 43 1 36 25 47 23
0.32518 -0.92376 
