70
-0.22734 -0.09414 51 36
-0.05959 -0.06436 31 66 47 18 65
0.01728 -0.15214 36 17 10 54 37
-0.04002 -0.15949 43 35 39 31 57
0.12218 -0.00182 64 29 48
0.15132 0.10431 49 27 42
-0.13931 0.04534 10 60 51
-0.03038 -0.10379 46 17 59
0.17503 0.10211 13 50 41 52
0.05352 0.00619 43 33 16 11 50
0.00190 -0.00306 6 12 2 48 62 32 30
0.00493 0.08394 15 63 21 23 25 9
0.02584 -0.07789 43 60 10 64 24 37
0.09557 0.17891 58 8 48
-0.26117 -0.13097 40
0.07961 -0.00223 24 29 11 35 61 48
0.09900 -0.05730 47 50 44 41 9
0.00366 -0.17055 2 59 7 36 38 47
0.10460 -0.11176 1 42 54 35 37
-0.34719 0.06963 51
0.03641 0.00219 45 32 23 50 55 61
-0.09396 0.05134 67 11 31
-0.92048 0.24551 
0.03207 0.05417 25 20 11 34 59
0.06326 -0.14230 15 57 12
0.02829 0.15577 23 11 49 48 26
0.00022 0.26455 25 58
0.02649 0.13548 28 34 5 48 58
-0.04380 0.14314 67 27 45
0.11678 0.09511 45 15 49 33 53 4
0.14114 -0.00586 10 59 61
-0.08377 -0.04775 55 1 65 3 21
-0.04571 -0.01313 43 34 20 10
0.08248 0.03626 50 34 29 41 9 44 49
-0.03566 0.02296 27 33 32 43 23 40
0.05689 -0.07548 55 49 15 3 18
-0.10272 -0.14869 2 40 17 47 0
0.08883 -0.16998 2 18 12
0.07200 -0.23027 57 64 17 54
-0.09527 -0.27246 3
-0.15165 -0.07389 36 46 14 34
0.14423 0.02488 67 33 8 16 69
0.20376 -0.01851 5 18
-0.00788 -0.03818 12 32 9 3 34 48
0.14577 -0.03981 49 64 16 33
0.01080 0.06237 29 20 28 50 46
-0.08211 -0.01405 7 40 67 45
-0.01728 -0.13564 16 1 36 17
0.05537 0.07527 10 13 15 27 63 25 4 43
0.10711 0.05916 5 44 35 29 52 63 33 25
0.10030 0.02879 33 16 8 20 45 9
-0.25484 0.01377 0 19 6 66
0.18277 0.02979 49 59 8
0.18285 0.20504 29
0.10731 -0.21249 2 18 38
0.00733 -0.09066 35 31 64 20
0.79505 0.76299 
0.02138 -0.23821 38 24 3
-0.00713 0.19788 65 13 27 26
0.07442 -0.05406 17 7 52 23 30
-0.05269 0.04465 12 6 65
0.13810 0.04094 15 30 20
0.00371 0.11734 65 10 63
0.04823 0.12118 11 67 62 49 48
0.09531 -0.12049 4 44 38 55 12
-0.06852 0.07100 58 62 60 31 1
-0.19661 -0.03783 1 51
-0.01207 0.06533 41 28 63 21 46
-1.00000 -0.42065 
0.27406 0.01259 41
