20
0.54864 0.10084 16 19 15 14 17 18
-0.21285 -0.42076 15 19 7
-0.06992 -0.05554 9 5 11 15 4 18 16 14 19
0.01401 0.53394 14 17 4 8
-0.30147 0.41394 6 18 2 3 11
-0.38130 -0.32451 2 7 9 15 8
-0.29101 0.70100 4 8 12
-0.77009 -0.37830 5 11 1
-0.18596 0.04977 10 14 9 6 16 3 11 5
-0.37180 -0.53083 2 8 5
0.05860 -0.47568 8 19 15
-0.60523 0.05834 2 4 7 8
0.20414 0.69321 18 17 6 19
0.58535 -1.00000 15
0.26240 0.21592 3 8 16 0 19 2 17
0.23903 -0.44770 13 1 2 5 0 10 19
0.36846 -0.08839 0 14 8 2
0.50183 0.57040 18 3 12 0 14
0.22399 0.42843 12 4 17 2 0
0.18318 -0.04409 1 0 10 14 15 12 2
