60
-0.00443 0.10437 21 37 23
0.14773 0.10394 40 12
0.01143 0.16495 50 13 39
0.17866 0.24825 39 17 21
-0.30850 0.06942 56
0.14761 0.02871 54 36 48 21 38
-0.09512 -0.36763 27
0.00107 0.00809 19 13 8 36
0.09928 -0.13610 53 7 11 15 30
-0.34237 0.06570 34
0.09828 -0.02953 38 30 49
0.00842 -0.10545 32 24 8 51 23
0.19613 -0.00684 30 58 1
-0.04680 0.10167 7 50 2 45 33 40
-0.05977 -0.23050 27 41 51 43
0.09625 -0.21976 18 43 8 30
0.11785 0.15629 38
0.22882 0.22753 3 21
0.15089 -0.32272 15
-0.12510 0.11711 7 45 57 34
0.05708 1.00000 
0.15279 0.14337 0 54 3 17 5
-0.02477 -0.07577 36 46 59 44 33
-0.06637 0.00280 0 38 24 25 11
-0.07019 -0.05537 59 50 49 11 23 41 56
-0.23905 -0.00878 35 47 23
-0.20125 0.15493 37 45
-0.01930 -0.28701 14 30 6 52
0.08013 -0.13020 59 48 46
-0.18561 0.00345 33 37
0.07028 -0.12694 12 10 27 46 15 8
0.28567 -0.11569 48
0.13060 -0.11326 11
-0.11091 0.02848 29 34 55 22 13
-0.22192 0.07688 56 33 9 19
-0.35515 -0.03040 25
0.07332 -0.04973 22 5 44 43 54 7
-0.13928 0.06346 0 46 47 26 56 29 45
0.07563 0.04668 10 42 23 16 5
0.09332 0.26263 3 2
0.04514 0.12985 1 55 13
-0.11637 -0.16981 14 24
0.12235 -0.02410 59 38
0.00424 -0.14112 36 50 15 51 14
0.03409 -0.14471 36 22
-0.14082 0.14866 19 13 26 37
-0.02514 -0.05547 37 22 30 28
-0.25408 0.05579 25 37
0.17217 -0.07107 49 31 5 28
0.04842 -0.02111 48 24 10 55
-0.02416 0.01903 24 2 13 43
-0.02367 -0.19991 43 11 14
-0.05201 -0.39087 27
0.19789 -0.20946 8
0.17426 0.04528 5 21 36
-0.01348 0.06368 49 40 33
-0.20053 0.02441 34 4 37 24
-0.17422 0.22629 19
0.30788 0.02663 12
0.03270 -0.07903 24 42 28 22
