30
0.42660 -0.41948 5 17
-0.69636 1.00000 29
-0.18226 -0.38538 7 27
0.29838 0.08648 26 25 23
0.22435 -0.39604 11 7
0.37888 -0.21031 0 24 25
-0.16613 0.08661 26 8
0.02148 -0.42133 12 2 4 9 14
-0.35849 -0.03202 27 13 6
0.17072 -0.56734 17 7
0.16555 0.35560 26 21
0.38619 -0.28593 25 4
-0.06702 -0.25710 7 19
-0.53316 -0.01616 8
-0.07881 -0.34544 18 7
0.05517 0.19616 28 23 22
-0.49731 0.93874 29
0.34428 -0.57385 9 0
-0.08867 -0.15719 14 20 27 28
-0.11576 -0.05458 12 22
0.07725 -0.13019 18 24
0.21850 0.51767 10
-0.07971 0.13352 15 19
0.23164 0.21571 15 3
0.21911 -0.06327 5 20 26
0.40738 -0.09979 11 3 5
0.10353 0.12279 6 3 28 10 24
-0.26671 -0.20834 18 8 2
0.00131 0.04157 15 26 18
-0.59994 0.92886 16 1
