80
-0.13305 -0.18468 5 55 72 75 36 43
-0.19895 -0.04660 25 72
0.18200 -0.06414 54 47 37 45 7
-0.10862 -0.21692 24 5
0.13918 0.17313 29 20 16
-0.03275 -0.16867 0 3 27 20 75
0.20339 -0.17637 7 51
0.27170 -0.15309 19 6 2
-0.13927 0.05767 38 74 42
-0.01302 -0.08066 49 44 38
-0.14263 -0.05169 22 56 55 69 34 25
0.14609 0.14126 20 18
-0.06411 0.08614 67 78 20 52
0.03470 -0.10123 75 66 70 69 50
-0.76198 1.00000 
-0.03348 -0.06531 76 56 54 64 50
0.06946 0.05550 20 17 4 72 71 52
0.04103 0.02643 37 16 63 61 72
0.09943 0.14093 53 48 11 21 35
0.25383 -0.09145 7 49
0.06205 0.03466 16 35 4 11 37 49 12 69 44 5 48
-0.04987 0.06725 24 35 74 18 52
-0.23542 -0.06015 10 46 67 26 24
-0.13380 0.11818 62 60 64 74
-0.13187 -0.08524 3 21 50 60 33 22
-0.23391 -0.10520 38 1 40 10
-0.36952 -0.06034 22
-0.02781 -0.30675 5
-0.08374 0.14401 39 60
0.22784 0.29047 4 65
0.24533 0.13950 66 41 73 79 53
0.21204 -0.05396 51 45 70 71 68 57
-0.18082 -0.26527 36 50
-0.20312 -0.18398 24 46
-0.28669 -0.05453 10
0.04511 0.12736 21 20 63 47 18
-0.23633 -0.26450 32 40 0
0.14264 0.01027 17 2 48 20
-0.15768 -0.04052 25 8 9 74
0.02132 0.09632 64 60 63 45 28
-0.24028 -0.20097 25 36 75
0.13959 0.07036 30 69 48 49 78
-0.00984 0.06214 47 56 76 8 66
-0.15829 -0.27554 46 0
0.02576 -0.02995 61 9 78 52 20
0.14147 -0.02415 58 39 2 31
-0.13901 -0.16475 50 22 43 77 33
0.11398 0.06242 42 2 35
0.07903 0.00465 78 37 18 64 55 41 58 20
0.11753 -0.00547 9 19 20 63 41 51
-0.07737 -0.15381 24 46 32 61 13 15
0.09015 -0.07338 31 60 70 6 49 72
-0.01182 0.00102 77 61 44 21 12 16
0.22792 0.22731 18 65 30
0.07681 -0.12446 2 61 15
-0.06053 -0.09758 0 10 48
-0.05668 -0.00397 15 42 10 78 61
0.19206 0.01294 66 64 71 68 31
0.18216 -0.08561 45 48
0.05199 0.28637 63
-0.05763 0.03257 51 23 39 24 28
-0.00033 -0.06802 54 44 17 52 50 56
-0.25121 0.18847 23
0.06712 0.14712 17 35 39 59 49
0.01656 0.04097 39 23 15 57 48 69
0.30164 0.30194 53 29 79
0.13580 0.03559 13 57 30 71 42
-0.20683 0.06775 12 22
0.30229 -0.02252 57 31
0.03570 -0.01224 13 41 20 10 71 64
0.14786 -0.11154 71 13 51 31
0.15375 -0.02206 70 66 57 69 77 31 73 16
-0.05183 -0.04497 1 0 76 16 51 17
0.27563 0.05991 30 71
-0.16836 0.06570 21 8 38 23
-0.10635 -0.17063 13 0 40 5
-0.09253 0.01211 15 72 42
0.01347 -0.11578 52 46 71
0.02729 0.06098 48 12 44 56 41
0.33464 0.23927 30 65
