70
0.05829 -0.05079 29 35 67 63
-0.07174 0.02927 11 7 28 39
-0.21689 -0.11372 18 16 45
-0.43591 0.10694 31
-0.02174 -0.27558 48 36
-0.05542 -0.11693 24 36 18
-0.32981 -0.10689 12 20
-0.03568 -0.10116 1 22 14 45
0.10850 -0.07906 37 46
0.19480 0.02736 28 19
0.34293 -0.24413 65 57 60 34
-0.02574 0.12536 1 59 61 45
-0.45865 -0.08918 25 6
0.14710 0.17149 49 50 67
0.10356 -0.14986 36 68 7
0.25948 0.04722 68 17
-0.28899 -0.12530 2 47
0.20907 0.09474 15 51 42 68
-0.16869 -0.14592 2 5 48 47 20
0.29429 0.03264 64 42 9
-0.14856 -0.07687 45 21 22 37 31 18 6
0.08371 -0.05321 42 65 20
-0.11623 -0.17719 20 7 48
-0.08776 0.20558 40 59
-0.02979 0.04630 40 5 62 33 53
-0.47734 0.00549 32 12
-0.14427 0.17774 44 53 62
-0.13513 -0.10216 48 45 41
0.03223 0.02100 9 1 45
-0.00885 -0.03446 0 67 40 30
0.01360 -0.17193 29 36
-0.34108 0.01592 56 3 20
-0.36929 0.09105 44 25
0.08900 0.10685 24 42
0.34516 -0.29383 55 10
-0.08792 0.01545 62 52 0
0.06046 -0.17260 5 4 14 68 37 30
0.01219 -0.09652 67 8 20 36
-0.29282 0.06762 52 39
-0.21291 0.07384 38 1
-0.10648 0.09512 23 24 29 44
-0.11873 0.04265 52 53 59 27
0.17890 0.07769 58 50 21 17 19 33
0.05714 0.24297 59 50 54
-0.20196 0.12844 32 47 54 26 40
-0.10518 -0.02120 20 66 27 2 47 7 28 11
0.08314 0.03132 8 53
-0.21846 -0.03475 44 18 45 16
-0.12310 -0.22739 27 4 18 22
0.13694 0.29559 13 61
0.16962 0.21130 42 13 43
0.11103 0.21577 17 54
-0.20803 0.03793 38 41 35
-0.04819 0.09913 41 66 46 26 24
-0.03506 0.23408 44 61 51 43
0.29601 -0.20076 34 68
-0.46077 0.05826 31
0.35415 -0.18249 65 10
0.15027 0.03183 42 65 59
-0.00090 0.14172 58 41 23 11 43 62
0.37921 -0.35511 10
0.03006 0.26868 54 49 11
-0.09035 0.12737 35 24 59 26
0.21416 -0.09659 64 0
0.33087 -0.05184 19 63
0.24348 -0.11556 58 10 57 21 68
-0.09300 0.08065 45 53
0.07936 0.01195 37 29 13 0
0.20274 -0.07816 15 55 36 65 14 17
1.00000 0.24679 
