30
-0.15458 0.10614 25 10 16 18
-0.25729 -0.06479 6 29
-0.39621 0.26976 10
-0.17275 -0.30220 14
0.01684 0.30493 25 28
0.12286 -0.15923 19 22 21
-0.07410 -0.06884 1 12 26 18
0.13917 0.04353 16
0.19472 0.10150 28 19
0.03069 1.00000 
-0.29434 0.20076 2 0
0.10851 -0.05873 16
0.09756 0.00685 17 6 15 19
-0.29238 -0.14428 18
-0.12426 -0.17558 18 3 21
0.23729 0.07821 12
0.00598 0.03182 11 7 17 0 21
0.03669 0.09666 21 12 28 27 16
-0.18366 -0.06285 14 0 13 6
0.20117 -0.06891 5 26 20 12 8
0.36447 -0.12477 23 19
0.00270 -0.06789 17 14 5 16
0.08978 -0.24990 26 5
0.48291 -0.16299 20
0.14732 -0.97390 
-0.09111 0.24218 4 27 0
0.06600 -0.14646 19 22 6
-0.01786 0.21396 25 17
0.10515 0.20817 4 17 8
-0.39128 -0.07315 1
