60
-0.30697 0.78691 37 58
-0.69757 -0.35290 47 49 30
0.45370 0.30222 3 26 24 48 32
0.27367 0.20825 29 54 53 2 58 6 16 51 22
0.34978 -0.32321 47 35 18
-0.20808 0.57237 55 23 28
0.16067 -0.06488 48 13 46 32 43 3 47 36 33
0.53594 -0.24265 24 19 8 29
0.36010 -0.59102 16 7
-0.38036 0.19878 38 48 17 53 12 49
0.07394 0.70496 54 46 26
0.03429 -1.00000 15
-0.73786 0.52207 37 9 27
0.44823 0.16479 6 28 35 53
-0.64112 -0.49229 31 38 59
-0.02980 -0.49624 44 11 36 46 52
-0.01105 -0.33494 34 45 3 59 19 49 8 17
-0.17862 0.05153 58 38 9 39 33 16
0.58184 -0.53408 24 45 4
0.07670 -0.29370 7 45 39 16 52
0.22382 0.84709 21 58
0.15728 0.63319 46 20 42
0.62607 0.52836 42 3
-0.42773 0.39936 39 56 27 5
0.74529 -0.14132 18 7 35 2 50
-0.33408 -0.14495 49 38 32 40
0.44925 0.77415 2 10
-0.53124 0.56806 39 23 12
0.32975 0.52741 42 13 29 5
0.61882 0.23621 3 28 7
-0.80694 -0.33720 47 1
-0.42556 -0.53624 14 56 57 45
0.13291 0.04193 6 36 51 25 2
0.01511 -0.14054 36 17 6
0.39474 -0.39057 16 50 36
0.76147 -0.06576 24 4 13
0.26210 -0.10059 32 58 41 15 34 33 6
-0.66333 0.69761 12 55 0
-0.49606 -0.01042 9 17 46 14 25 55
-0.13361 0.29313 23 42 19 17 27
-0.57950 -0.30652 55 57 52 25
0.63283 0.11067 50 36 42
0.37210 0.45188 28 22 39 21 41
0.50420 -0.44893 6
-0.16542 -0.90524 15 52
0.09044 -0.60489 31 16 19 18
-0.10963 0.19747 21 54 55 6 38 10 15
-0.26716 -0.29794 30 4 1 56 6
0.06357 0.26850 6 9 58 2
-0.46394 -0.19890 25 9 1 16
0.65070 -0.15294 51 41 34 24
0.34717 0.10716 50 32 58 53 3
-0.23111 -0.61448 40 44 19 15
0.02810 0.13680 3 9 51 13 56
0.04760 0.52094 46 10 3
-0.53096 0.26276 46 40 37 5 38
-0.37291 -0.04244 31 23 47 53
-0.76720 -0.65863 31 40
0.08913 0.39683 17 48 36 3 20 51 0
-0.39354 -0.68701 16 14
