20
-0.08256 0.32590 15 10 16
0.10499 -0.05050 9 7 10 18 4
-0.17984 0.13113 16 12
-0.07797 -0.14458 9 4 17 8 12 19
0.01019 -0.20870 7 17 3 1
1.00000 -0.84449 
-0.04526 0.12542 14 8 13 16 18
0.01767 -0.08055 4 1 11 12
-0.15114 -0.09641 17 6 3
0.10633 -0.20712 3 1
0.03986 0.16452 13 18 12 1 0 14
-0.08684 0.07227 16 18 14 7 19
-0.03434 0.01368 18 10 2 3 7
0.05544 0.27358 16 10 6
-0.10429 0.20919 6 11 16 10
-0.21661 0.24058 19 16 0
-0.06039 0.21803 11 13 18 15 2 14 0 6
-0.12379 -0.25798 4 8 3
0.04525 0.08721 12 16 11 10 1 6
-0.21671 0.02881 15 11 3
