40
-0.18029 -0.91982 28
-0.31837 -0.66304 28 31
0.18110 0.17163 13 24 22 16
0.11648 -0.50353 18 30 17
-0.25439 0.35242 22 21
0.19632 -0.06613 38 7 18 37
0.07648 0.02860 29 25 32 11 14 35
0.00244 0.34621 36 19 35 5 33 13
0.36805 -0.20746 16
0.01977 1.00000 33
0.28707 0.39950 36 29 24
-0.22532 0.05355 39 12 27 6 16
-0.44716 -0.22077 31 11 23
0.32800 0.33683 2 36 32 29 15 7
0.27814 -0.17343 37 18 29 30 6
0.57829 0.38720 13 32
-0.00861 -0.09480 21 31 8 29 17 11 2
-0.10300 -0.41460 23 28 34 3 30 20 16
0.05874 -0.24649 3 14 28 5 31 24
-0.37791 0.33757 39 7 21
-0.06238 -0.77052 17
-0.29258 0.15801 16 25 19 4
-0.00013 0.13481 25 38 32 4 2
-0.36202 -0.32417 17 25 12
0.08948 0.26898 35 10 2 33 26 18
-0.20233 -0.04178 22 23 35 21 6
0.07557 0.59429 36 33 24
0.04598 0.30932 29 11 36
-0.10615 -0.56740 0 1 17 18 38
0.23077 0.07338 6 10 27 14 13 16 30
0.16335 -0.30424 14 3 17 29 38
-0.22424 -0.37275 16 12 18 1
0.34535 0.21458 22 13 6 15
0.01514 0.66266 26 24 7 9
-0.33801 -0.13328 35 39 17
-0.09701 0.06190 24 34 38 25 7 6
0.18729 0.51209 10 26 7 13 27
0.46352 -0.28173 14 5
-0.01379 -0.20862 5 35 22 30 28
-0.49369 0.11100 11 19 34
