70
-0.24776 0.38458 51
-0.09805 -0.00015 36 15
0.15851 0.16988 10 13 32 60
-0.08248 -0.02985 53 67
-0.05157 0.16307 40 42
0.13857 -0.12187 17 30 22
0.53239 0.95463 
0.93609 0.43919 
0.12324 -0.15161 38 22
-0.11387 0.07668 40 18
0.04366 0.12964 15 2 57 18 14 32 41
1.00000 -0.25734 
-0.90117 -0.08522 28
0.24075 0.07596 19 2 65
0.06455 0.23930 10
0.02176 0.04181 10 38 44 18 1
0.15621 -0.09253 30 38 24 17
0.24562 -0.07598 19 5 16
-0.04290 0.03104 58 15 44 10 23 59 9 55
0.32577 0.00919 17 13 49
-0.20993 0.41648 51
-0.67556 0.49624 69
0.03643 -0.19605 39 8 31 5
-0.00991 -0.03550 30 55 18
0.09374 -0.16753 27 55 54 16
-0.09231 0.15085 40 41
-0.14172 -0.20071 53
0.06426 -0.09898 53 24 65
-0.94915 -0.08788 12
0.87624 -0.63023 
0.06370 -0.04083 40 16 23 5
-0.03797 -0.32437 22 34 52
0.06447 0.18779 44 2 42 10
-0.69742 0.83453 
0.02462 -0.25819 31 50
-0.09399 0.20164 42 40 63 51 67
-0.15357 -0.06567 1 61 53
0.23601 -0.02741 38
0.13610 -0.04229 15 37 8 16
-0.03519 -0.08647 22 40
-0.05597 0.05547 30 4 25 39 35 61 9 57
-0.03073 0.19530 10 25
-0.01978 0.23198 4 35 32
0.98500 -0.03998 
0.01478 0.11082 15 32 18
-0.16201 0.96382 
0.15907 -0.23288 66 50
-0.25465 -0.89043 
0.02149 -0.02893 67 50
0.42136 0.02264 19
0.06803 -0.13580 57 48 46 34
-0.17996 0.32838 0 20 35
-0.13684 -0.43675 56 31
-0.07360 -0.12035 27 55 3 26 36
0.15644 -0.27325 24 66
-0.01234 -0.08915 53 23 24 59 18
-0.23269 -0.52666 68 52
0.04033 0.01072 10 50 40
-0.15547 0.06034 18
-0.08433 -0.05901 18 55
0.21935 0.24998 2
-0.16083 0.00538 40 36
-0.38407 -0.66221 68
-0.07169 0.29059 35
-0.35069 -0.64769 68
0.17412 -0.01099 13 27
0.20700 -0.30690 46 54
-0.04934 0.07478 48 35 3
-0.31872 -0.60350 64 56 62
-0.68142 0.53843 21
