70
0.12422 0.11669 20 36
-0.16605 -0.02507 22
-0.27117 -0.31613 61
-0.11857 -0.09542 49 43 58
0.21650 -0.03645 10 59 33
-0.12197 0.10828 21 34 6 55 31
-0.02032 0.09065 28 5 60 14
-0.23264 0.33906 68 67
-0.21325 0.01659 28 54 26
0.11896 0.14746 15 20 35 60 62 36
0.09577 -0.02540 57 52 25 4
-0.11366 0.14394 63 47 52 28 31
0.06475 -0.25363 42 45
-0.03600 -0.18101 46 49
0.07866 0.06215 55 18 65 6 50
0.23868 0.11611 9 30
-0.12157 0.17236 50 31
0.06418 -0.03321 46 36 22 57 66 37
0.11618 -0.07307 36 37 42 66 45 25 27 14 29
0.37406 -0.14540 27
0.03620 0.14859 28 9 0 63 60
-0.13920 0.08627 5 52
-0.06859 0.00217 1 31 17 37 51 32
-0.28719 -0.19256 61 54
0.09215 -1.00000 
0.14824 -0.12013 10 18
-0.27065 0.08329 31 8
0.28711 -0.08703 30 18 64 19
-0.07621 0.07745 6 20 68 57 58 29 11 8
0.01146 -0.05366 28 45 18
0.27134 0.01255 66 27 15
-0.17600 0.10352 22 47 5 26 34 11 16
-0.04969 0.11358 60 52 63 22
0.29297 0.00134 65 4
-0.23858 0.06846 40 5 31
0.12508 0.24145 62 9
0.11218 0.01844 18 17 37 48 9 0
0.02505 -0.02639 18 36 22 41 17
-0.18236 0.96093 
-0.17030 0.36780 68
-0.30710 -0.01706 54 34
-0.08094 -0.02624 53 50 37
0.06246 -0.20181 18 12 51 44
-0.05080 -0.01358 58 3 60
0.08660 -0.31214 42
0.03641 -0.15459 48 12 29 18 69
0.04967 -0.12601 17 13
-0.20530 0.17415 11 31
0.11175 -0.10221 45 36
-0.13849 -0.15338 3 51 13 54
-0.02429 0.11204 62 16 41 14
-0.04564 -0.13431 49 42 22
-0.03960 0.06155 11 10 21 32
-0.17441 -0.13965 41 61
-0.25307 -0.09631 40 23 8 49
-0.00549 0.12755 14 5
0.89584 -0.49116 
0.05216 0.01855 10 28 17 59
-0.09894 -0.05936 28 43 69 3
0.15604 -0.02411 57 4
0.02337 0.09766 32 6 9 43 20
-0.21240 -0.23085 23 69 2 53
0.05269 0.20378 50 35 9 63
-0.02752 0.19400 11 20 32 62
0.38911 -0.10537 27
0.21269 0.05439 33 14
0.18425 -0.03081 30 18 17
-0.20968 0.35802 68 7
-0.16100 0.26381 28 67 7 39
-0.09818 -0.18112 61 58 45
