100
-0.27825 0.59238 49 68 50 92 43 90 82 11
-0.77483 -0.27545 74 56 76
0.18485 0.06018 40 14 17 10 42 63 95 24 61
0.44296 0.33497 19 4 34
0.04270 0.16158 32 96 30 73 3 53 87 70 51
0.21688 0.07135 32 93 25 82 39 80 10 8
-0.25040 -0.08535 17 90 31 70 84
0.62648 -0.28165 65 67
0.03289 -0.33133 75 69 60 36 72 5
0.62575 -0.17916 63 81 88
0.41597 0.15881 29 83 2 67 5 17
-0.50478 0.30501 51 48 0
0.12275 -0.10733 20 32 40 65 48 95 66 61
-0.36865 0.31780 80 92 58 23 69
0.10950 0.19795 95 68 2 23 46 77 65
0.42896 -0.38455 60 77 32
0.06922 -1.00000 86
0.19154 -0.16348 6 34 22 2 29 97 66 18 10 85
0.58561 -0.42101 45 17
0.16538 0.15947 32 3 58 66 72
0.23953 -0.42706 66 12 81 65
-0.31238 0.19061 42 52 71 90 72 56 94 24 29 57
-0.17394 -0.35404 80 71 17 53 98 28 27
-0.10097 0.33326 53 35 70 14 13
-0.14778 0.13155 65 21 50 2 80 69
0.02414 0.32533 5 72 42 90
-0.81057 -0.11110 69 47
0.05788 -0.72087 81 22
-0.18083 -0.76591 38 31 22
0.23112 0.20455 10 44 17 83 21
-0.13028 -0.28409 86 39 4 47
-0.17727 -0.53576 78 6 28 65
0.25914 -0.16721 5 19 4 12 62 15 86
-0.34713 0.05321 51 75 82 46
0.59981 0.13201 17 3
0.03060 0.44707 95 82 23 90 68 99
0.32246 -0.62804 60 39 81 8
0.26470 0.40314 87 77 96 40
0.13111 -0.73890 28 66 81
0.20851 -0.34147 30 5 60 95 36 59
-0.11823 0.19989 2 41 12 92 37 75 64
-0.15545 -0.09365 40 76 77
-0.11114 0.24302 21 76 77 2 55 25 46 99
0.08873 0.67067 88 55 0 58
0.62690 0.08135 79 61 67 29 77
0.46128 -0.21238 70 18
-0.06496 -0.10813 98 14 74 42 77 48 66 33 89
-0.55303 -0.24513 74 73 75 26 30
-0.32544 -0.01243 11 12 46
-0.30621 0.37708 0 58 71 84 70 83
-0.18426 0.52908 90 0 24 96 57
-0.24539 -0.01104 65 33 11 4 59
-0.62957 0.09686 56 21 84 85
-0.11897 0.04754 23 22 4
0.25733 0.65639 83 87 58 89
-0.09387 0.74766 43 42 58
-0.73874 0.00108 52 21 1 71
-0.37453 0.63103 64 92 58 50 21
-0.08817 0.56930 13 19 49 57 54 43 55
-0.09651 -0.40784 39 51 66
0.23143 -0.64397 36 39 15 8 78
0.51125 -0.08261 44 2 12
0.33476 -0.08071 66 32 88 89 81 96
0.46336 -0.02952 9 65 2 89
-0.18123 0.66660 57 83 40
0.10792 -0.17719 51 24 63 31 7 12 85 20 14
0.02043 -0.29129 20 62 75 74 38 19 12 17 46 59
0.71005 -0.01896 95 44 10 7
-0.03678 0.62134 14 0 99 35
-0.38397 -0.07753 94 26 71 8 24 85 13
0.03534 0.11258 45 23 96 6 4 49
-0.50752 0.00517 21 22 69 49 56
-0.02222 0.04050 25 21 8 19 94
-0.46284 0.10860 47 4
-0.41512 -0.35439 47 1 66 46
-0.31062 -0.30047 66 8 33 47 91 98 40
-0.51285 -0.07830 42 41 1
0.29061 0.02521 15 42 37 44 46 79 14 41
-0.05046 -0.83996 98 31 60
0.78833 0.08603 44 77
-0.15709 0.00812 13 22 94 5 24
0.38481 -0.51681 38 27 20 9 36 62
-0.11739 0.39268 5 35 33 0
0.11773 0.50846 54 10 29 64 49
-0.60700 0.20272 49 52 6
-0.21030 -0.01533 94 65 69 99 17 52
0.05279 -0.52263 30 16 94 32
0.34340 0.56560 37 54 4
0.36525 0.20907 43 62 9 94
0.31439 0.22894 62 63 54 46
-0.23944 0.36621 6 50 21 35 99 25 0
-0.64498 -0.63610 75
-0.45602 0.53759 13 57 0 40
0.66827 0.34032 5
-0.03890 -0.06799 69 80 85 21 86 88 72
0.34619 0.06125 14 35 67 39 2 12
0.16472 0.33690 4 37 70 50 62
0.13910 -0.60745 98 17
-0.12606 -0.55704 97 78 46 22 75
-0.21153 0.43758 68 90 85 42 35
