40
-0.05420 0.09801 31 29 36
0.27722 -0.02497 35 7
-0.12249 0.37498 20 5
-0.10154 -0.09134 16 33 8 27
0.20480 -0.16192 17 19
-0.06542 0.29905 37 2
-0.25712 -0.16145 15 14
0.13954 -0.05484 34 19 16 29 1
0.01720 -0.22814 23 32 3 19
-0.02000 -0.26732 22 34
-0.04305 -0.09213 15 13 24 29 38
0.10750 0.41568 18
0.16539 0.10568 29
-0.00825 -0.15676 15 17 10 16
-0.27494 -0.06840 33 6
-0.12172 -0.14611 13 10 6 38
0.02653 -0.11641 3 38 7 13
0.10301 -0.09294 19 13 4 25 38
0.06337 0.29627 28 11
0.12051 -0.12726 17 29 7 4 8
-0.10525 0.27014 36 2 37
-0.15873 0.14134 27 36 37
-0.05057 -0.39422 9 32
0.08521 -0.21481 8 34
-0.07201 -0.16196 38 10
0.10544 0.04031 38 17 30 35 28
-0.62651 1.00000 
-0.20271 0.02716 21 3
-0.00167 0.12810 18 29 36 33 25 37
0.05033 0.02513 12 19 0 28 10 7 37
0.08391 0.15467 25 37
-0.06855 0.02247 0 38
0.01019 -0.37069 22 8
-0.15003 0.01009 3 14 28
0.03467 -0.08055 38 9 7 23 37
0.25040 0.04713 1 25
-0.09590 0.18882 20 21 28 0
-0.02951 0.13859 5 21 30 20 34 28 29
-0.00787 -0.06512 25 34 31 24 16 15 17 10
0.79279 -0.70626 
