40
-0.04447 -0.02771 29 26 17 25
0.55533 0.81305 
0.83213 -0.50434 
-0.27958 -0.17798 4 18 5
-0.23777 -0.05231 9 3 26 33 7
-0.29416 -0.28338 10 3
0.31543 0.10463 27 35
-0.21370 -0.12053 9 10 18 4
0.21947 -0.16086 20 21
-0.14814 0.00439 7 4 14 24 31 19
-0.24704 -0.23970 5 7
-0.09489 0.11428 28 26 31
0.25400 -0.02829 21 36
0.92917 -0.01571 
-0.26103 -0.02765 9 18
-0.12875 0.32633 28
0.07796 0.03651 25 38
-0.13867 -0.11389 18 0
-0.25512 -0.12111 34 22 3 17 7 39 14
-0.19662 0.01784 9 22
0.28811 -0.23474 8
0.12517 -0.06007 31 38 12 8
-0.11806 -0.05101 18 31 38 19
0.03753 0.19350 25 30 24
-0.00724 0.13732 9 28 23 35
0.03935 0.10341 23 30 16 0
-0.13591 0.03035 4 11 0
0.42222 0.08230 6
-0.08916 0.22382 11 15 24
0.00222 -0.12632 0
0.08046 0.21102 25 23
-0.03356 0.00798 21 22 11 9
0.26000 0.22071 35
-0.34321 -0.00244 4
-0.37191 -0.14168 18
0.17934 0.15631 6 24 32
0.34423 0.02267 12
-1.00000 -0.07945 
0.02669 -0.04006 22 21 16
-0.34981 -0.19719 18
