30
-0.27479 0.00357 11 20
-0.14104 0.07782 12 7 20 18 14
0.10759 0.06006 17 24 18 13 7 25 22 21 27
-0.03573 -0.15108 8 12 25 16
-0.03291 -0.05348 13 23 15
1.00000 -0.32637 
-0.05331 0.12430 7 23 28 22
-0.01934 0.06643 6 28 24 1 2 11
-0.08611 -0.18589 17 19 3 29
0.20276 0.26850 22 27
-0.23693 -0.01589 16 14 23
-0.10873 0.03987 0 17 7 18
-0.15157 -0.06742 20 1 19 3
0.05803 0.01577 17 4 2 26 25 28
-0.24988 0.06928 23 10 1
0.02794 -0.12974 17 19 4 24
-0.11135 -0.08930 24 10 3
0.00398 -0.06055 24 15 2 13 8 19 11
-0.00823 0.12096 26 2 1 11
-0.07188 -0.09847 12 15 8 23 17 28
-0.19367 0.02180 12 23 1 28 0
0.25631 0.06109 2
0.09522 0.19422 26 6 2 9
-0.15401 -0.01710 6 20 14 29 19 4 10
0.03030 -0.03108 17 16 7 2 15
0.10265 -0.07136 2 13 3
0.08619 0.13809 22 18 13
0.21666 0.17708 2 9
-0.06281 0.02628 7 6 19 20 13
-0.19534 -0.16739 23 8
