70
-0.04588 -0.04716 48 32 9 25
0.17002 -0.08518 46 62
0.30974 -0.23132 37
-0.11960 0.29173 4 66 60
-0.22587 0.21595 26 16 53 5 3 17
-0.20206 0.15898 21 17 4
0.16897 -0.01289 61 50
0.15934 0.17691 51
0.14190 -0.27036 64 40 42 54
-0.03354 -0.15063 45 0
-0.75177 -0.49384 
-0.38647 0.35545 26
0.04533 0.10879 44 39
0.30071 -0.04646 46 41
0.01955 0.23197 66 47 36 51 20
-0.42595 0.15827 57 17 38
-0.29564 0.22039 4 38 19
-0.31100 0.16769 15 5 4
-0.06186 -0.39413 27 65
-0.18779 0.20275 20 69 16
-0.09318 0.24493 19 14
-0.06364 0.13702 51 5
1.00000 0.07485 
-0.01934 -0.12437 63 28 42
-0.01542 -0.32572 45
-0.01972 0.02661 0
-0.31917 0.29735 4 11
0.01300 -0.27084 18 62
0.07193 -0.16989 23 33 45 50
0.82226 -0.46294 
0.17198 -0.48935 54
-0.00950 0.09899 48 44
-0.12612 -0.06585 63 0
0.15719 -0.21294 28 37
-0.15585 -0.56848 65
-0.73706 0.68267 
0.06401 0.31679 14
0.22121 -0.18780 2 41 49 33 62
-0.39367 0.20869 15 16
0.07670 0.01557 62 12 51
0.15236 -0.35385 8
0.26600 -0.10115 13 46 37
0.04310 -0.20893 23 8 62 58
0.26753 0.01434 67 59
-0.03899 0.13448 69 12 31
-0.00218 -0.23280 28 9 24
0.20004 -0.01768 50 13 41 51 1
0.06283 0.15857 14 60 67 48
0.01617 0.03601 53 62 31 0 47 61
0.28427 -0.26309 37
0.14342 -0.08291 46 6 28
0.08596 0.11137 21 7 14 46 39
0.00772 0.51611 68
-0.11245 0.12857 48 4
0.15835 -0.39970 30 8
0.63830 0.59622 
-0.97195 -0.07857 
-0.51275 0.14275 15
-0.03315 -0.26989 42
0.27536 -0.06297 64 43
-0.00570 0.30060 47 68 3
0.11742 0.03388 6 48 67
0.08485 -0.11905 48 39 37 27 42 1
-0.10589 -0.02082 23 69 32
0.19636 -0.11924 8 67 59
-0.11822 -0.49405 18 34
-0.04865 0.30613 14 3
0.16961 0.03257 43 47 64 61
0.00155 0.42685 60 52
-0.13500 0.10407 63 44 19
