70
-0.07061 0.19002 8 13
0.10888 1.00000 
-0.94127 -0.26351 
0.07307 0.07998 44
0.20001 -0.16656 55 31 51 25
-0.30695 0.11293 7
0.07574 -0.29151 27 9 50 48
-0.19936 0.07491 57 5 8 28
-0.06969 0.09678 0 66 7 44 42
0.02760 -0.43377 6 58
0.00558 -0.39796 27 53
-0.07519 -0.03983 63
-0.04613 -0.11391 63
-0.02978 0.14898 0 63 54
-0.05942 -0.10307 51 62 45 63 32 20
-0.29787 -0.11668 49 20 17
0.13248 0.36195 68
-0.38117 -0.17396 15
0.50486 0.21347 59
-0.15077 0.03926 22 20 23 45
-0.13954 -0.05370 57 19 15 14 47 40
-0.67745 0.59860 43
-0.24851 0.09057 19
-0.02045 0.02894 29 19 50 63 33
0.36681 -0.96440 
0.12720 -0.08902 42 4 50
0.16027 0.23390 68 38
0.03802 -0.31421 6 61 10
-0.12378 0.02307 63 7
0.05465 0.12767 33 42 23 68
0.28287 -0.27089 55 56 48
0.29856 -0.23612 4 56
-0.12825 -0.17947 14
0.01565 0.07788 29 23 63
-0.54263 0.99031 
0.35749 0.09239 46 37 60
0.10367 -0.25993 61
0.31848 0.07172 52 35 59
0.13034 0.13494 42 26
-0.10300 -0.47371 53
0.07343 -0.01357 60 52 20
0.37412 -0.16840 55
0.05998 0.00922 29 38 61 8 25
-0.72170 0.60458 21
-0.00160 0.02205 3 8 50 45
-0.10422 0.04302 14 67 44 19
0.45610 0.11360 35
-0.23009 -0.09539 20
0.19326 -0.32243 6 30
-0.39839 -0.13075 15
0.04459 -0.10795 23 6 51 44 25
0.07432 -0.14600 14 4 50
0.18003 -0.02125 37 40 55 63
-0.06086 -0.38091 39 62 10
-0.03992 0.25924 13
0.27240 -0.14787 4 41 30 52
0.34998 -0.29916 30 31
-0.22731 -0.00186 20 7
-0.01095 -0.53197 9
0.42516 0.15650 37 18
0.22905 0.04828 40 35
0.04615 -0.18508 62 42 36 27
-0.03963 -0.24513 61 14 53
-0.00393 -0.00587 65 14 13 28 11 23 52 12 33
-0.23578 0.26634 67
-0.00053 -0.06787 63
-0.12722 0.17989 8
-0.18449 0.17157 45 64
0.10836 0.26065 29 26 16
0.72929 0.89047 
