90
-0.10045 -0.00718 27 70 77
0.33608 -0.14813 7
-0.21052 -0.03807 77 45
0.00717 0.40577 12 57 47
-0.35353 -0.19407 68
0.11426 0.28678 54 83
-0.30523 -0.13570 45
0.25816 -0.14251 1 89 75 14 23
0.02546 -0.20108 67 32
0.08866 -0.26529 37 32
0.80600 -0.70949 
0.05304 0.24500 54 65 17
-0.04842 0.33868 3 64 74
-0.07037 0.36482 30
0.38857 -0.16679 24 7
-0.06743 0.25588 41 54
-0.08059 -0.18493 73 51 32 67 45
0.13267 0.19371 69 11
0.18332 0.07055 83 60 55
0.19703 0.18363 82 55
0.22615 -0.32264 37
0.09716 0.10987 69 79 81
-0.21847 -0.18314 51
0.32682 -0.18685 7
0.49152 -0.18598 71 14
-0.79154 0.22761 61
-0.00709 -0.08054 27 29 77 67
-0.00120 -0.01067 26 0 81
-0.24588 -0.21251 80 78
0.08947 -0.19102 37 26 36
-0.12891 0.29107 13 34
-0.02211 -0.31276 32
-0.00741 -0.22951 16 31 75 51 9 73 8
0.26618 0.11392 69
-0.15592 0.17803 77 84 88 30
-0.05285 0.08465 55 84 40
0.11566 -0.27510 29
0.18735 -0.24200 60 50 29 9 20 66 72
0.32431 0.29794 82
0.20672 1.00000 
-0.10936 -0.03729 51 35
-0.10867 0.16470 76 59 64 15
-0.25946 0.18122 84
-0.17828 -0.05880 80 86 68 78 59
-0.07019 -0.11968 52
-0.20537 -0.12717 6 16 2
0.25496 0.17298 82 69
0.02665 0.30595 79 3
0.16459 0.27973 83
0.00660 0.14192 64 81
0.25021 -0.30938 37
-0.12080 -0.16177 40 16 32 22 78
-0.07186 -0.03019 86 44
-0.23814 0.32954 88
0.01141 0.29251 65 11 85 5 15
0.10145 0.12224 69 19 35 18
-0.80912 -0.53075 
0.01321 0.49214 3
-0.67722 -0.73754 
-0.13265 0.04562 43 41
0.19866 -0.08739 37 18
-0.85182 0.24423 25
-0.11360 -0.36055 73
0.43175 -0.86703 
-0.07859 0.23253 88 12 49 41
-0.02782 0.21373 54 74 11 86
0.25965 -0.28183 37
0.03504 -0.12615 16 89 8 26
-0.27999 -0.13563 43 4
0.17770 0.10443 21 33 17 55 46 89
-0.18176 -0.01651 0
0.56623 -0.20105 24
0.19861 -0.32852 37
-0.07914 -0.27950 16 62 32
-0.05199 0.29887 65 12
0.13154 -0.19393 7 32
-0.11924 0.11483 86 41
-0.12278 0.02333 34 2 0 26
-0.19134 -0.15588 43 28 51
0.01293 0.17445 21 86 47
-0.21687 -0.15868 28 43
0.08104 0.04457 89 87 21 49 27
0.26149 0.23714 19 46 83 38
0.18702 0.21269 48 18 82 5
-0.17206 0.14157 34 42 35
-0.00496 0.38284 54
-0.07904 0.07605 76 43 79 52 65
0.15229 0.02726 81
-0.17603 0.26420 53 64 34
0.15126 -0.03802 81 7 67 69
