90
0.03103 -0.33173 7 49 88 64 12
-0.58041 -0.61218 43 51 76
0.23920 0.61976 27 82
0.12386 -0.42207 46 76 45 19
0.26985 -0.04629 79 24 53 64
0.36831 0.01359 66 12 29
-0.44563 0.59953 77 38 60
-0.25437 -0.16219 18 0 69 37 66 59 16 80
-0.13534 0.30322 29 83 86 32 50 65
0.55975 0.20885 39 36 85 50
-0.31071 -0.09948 32 52 65 76 56 13
0.30487 -0.51655 55 43 49
0.22616 -0.18511 5 32 0
-0.57172 -0.33145 76 75 10
-0.39368 0.12644 66 32 84
-0.36270 -0.49787 28 74
-0.25413 0.27208 85 7 25 89
-0.35846 0.25688 63 65 89 64 86
-0.49447 -0.29481 7 76 84
-0.19841 -0.44143 79 89 3
0.37804 -0.17424 53 67 37 33 36 73 70 87
0.10988 -0.25815 34 87 47 29
0.15184 0.57476 86 56 50
0.04116 -0.89545 80
0.57329 -0.01177 29 47 45 36 4
-0.17159 0.55043 40 82 61 16
-0.07414 0.41060 64 85 68 58 48 42 73
0.34231 0.40779 56 2 71 29 45
-0.23749 -0.07507 77 15 63 56 66 89 79
0.29045 0.09683 24 8 54 33 40 5 27 45 21
0.07477 0.40789 45 31 40 81
0.17343 0.26398 77 78 41 30 86 49 71 84
-0.10626 0.09039 10 68 61 49 12 62 8 14
0.28353 -0.25605 35 29 47 78 44 20 43
-0.30092 -0.22643 48 21 87 59
-0.16832 -0.22493 33 79 74 63 89
0.76185 0.01505 20 9 24
0.02384 -0.10682 7 53 64 77 20
-0.40198 0.44257 81 82 6
0.49544 -0.19679 87 49 9
-0.00886 0.39188 61 25 29 79 60 30 58 62
0.50993 0.46917 31 45
-0.27139 0.75695 26 61
-0.13670 -0.40396 1 11 81 33
0.65144 -0.23629 33 73
0.32878 0.16509 30 3 41 56 24 29 27
0.00708 -0.69603 3 74
0.39458 -0.28995 55 57 33 67 24 80 21
-0.42824 0.20734 34 75 61 26
0.19807 -0.10522 0 57 31 32 39 56 11
0.24539 0.29410 73 64 22 57 8 9
-1.00000 -0.71749 1
0.05079 -0.16404 79 64 73 10 80
0.16820 -0.30883 20 76 37 4
0.66452 -0.13069 55 29 73
0.64058 -0.47544 47 11 54
0.00665 0.19538 27 28 61 22 45 10 60 49 74
0.15546 0.03671 47 71 49 78 79 50 75
-0.03775 0.76578 26 40
-0.59173 -0.06066 75 83 7 34 63
-0.24078 0.51555 86 68 6 40 56
-0.24564 0.42760 48 40 56 68 32 25 42
0.11978 0.14554 70 79 32 67 40
-0.39570 0.03405 28 17 35 82 59
-0.03781 0.02411 26 52 37 77 50 17 0 76 4
-0.52419 0.14695 17 10 89 8
-0.04635 0.09256 5 14 28 7 85
0.33919 -0.03832 20 82 47 62
-0.27859 0.20329 84 60 83 32 26 74 61
-0.40350 -0.25907 79 7 84
0.12013 -0.05135 62 84 20
0.44409 0.30945 57 31 27 73
0.92818 -0.08309 78
0.39165 0.08920 50 52 54 44 20 71 26
-0.13090 -0.27789 87 46 15 68 35 56
-0.44272 -0.05374 59 48 13 57
-0.23716 -0.37479 3 13 53 1 10 64 18 87
-0.16869 0.23616 31 28 6 64 37
0.46109 0.04285 31 57 82 33 72
-0.07052 -0.07567 69 52 62 35 19 40 57 4 28
0.03043 -0.41592 23 52 47 7 88 82
-0.27298 0.13789 38 82 43 83 30
-0.01951 0.18125 38 78 67 25 2 81 63 80
-0.53721 0.26055 68 8 59 81
-0.22983 -0.00011 68 31 69 70 14 18
0.13388 0.39321 16 26 86 9 66
-0.05648 0.52761 60 22 8 85 31 17
0.09445 -0.39443 39 74 21 88 34 20 76
0.12454 -0.66068 0 87 80
-0.39780 -0.07035 19 17 35 65 28 16
