30
0.22651 -0.19836 3 25
-0.49736 0.51784 16
0.47753 -0.05357 3 5 11
0.39258 -0.29858 0 2 26
-0.00206 -0.60110 22 12 26
0.76130 -0.05201 23 2 28
0.12389 0.63621 13 29
-0.50596 0.06920 24 19
-0.19757 0.06423 16 11 9 21 25
-0.08137 -0.14546 15 8
0.11585 -0.01887 25
0.17768 0.16035 13 8 2
0.14449 -0.75173 4
0.23504 0.45476 6 11
-0.19035 0.43750 24 20
0.14858 -0.18659 9 27 26
-0.30028 0.33819 1 8 20
-0.45178 -0.32620 22
-0.83586 -0.13029 21
-0.67435 -0.15140 7
-0.01867 0.32960 16 29 27 14
-0.55793 -0.03793 18 8
-0.25164 -0.43311 17 4
1.00000 -0.11138 5
-0.22632 0.24018 29 14 25 7
-0.02511 0.01036 24 10 0 8
0.20117 -0.44372 4 3 15
0.27951 0.10507 28 20 15
0.59025 0.08375 27 5
-0.05778 0.49309 24 20 6
