100
-0.07694 -0.17094 91 63 7 72
-0.30826 -0.29205 6 82 90
-0.13475 -0.02016 69 83
-0.08774 0.01440 16 69 66 29
-0.24372 -0.18115 25 6 72
0.88828 0.25419 
-0.30865 -0.24658 4 1
-0.12098 -0.13698 16 0
0.17077 -0.01840 57 96
-0.12105 0.41316 88
0.08385 -0.18817 30 58
-0.23108 0.51615 37
-0.40248 -0.49002 99
-0.23965 0.35953 88 74 78
-0.06743 0.10634 68 32 29 92
0.15247 0.02204 34 60 86 91 33
-0.11864 -0.05539 3 50 7 27
-0.28990 -0.16933 24
0.72258 0.59776 
0.44420 0.35525 53
0.10717 0.03714 48 69 35
-0.38088 0.24710 36 23 78
0.16835 -0.12096 58
-0.35066 0.16928 36 21 80
-0.20256 -0.14835 17 27
-0.21033 -0.10610 4 76 66 52 90
-1.00000 0.29482 
-0.09378 -0.10076 72 45 54 39 50 87 16 24
0.41889 -0.09481 89
-0.01659 0.08764 96 59 3 14
0.02462 -0.22960 10 87
0.32977 -0.30170 40 79
0.00331 0.07721 14 60
0.15437 -0.05038 91 15 57
0.19050 0.10349 15
0.25859 0.00562 62 20 75
-0.41514 0.20822 23 21
-0.19567 0.44560 88 11 74 43
-0.26195 -0.06149 47
-0.05312 -0.08462 66 87 27 83 91
0.32292 -0.22601 31 75 46
0.32789 0.14160 86
0.20930 0.11281 48
-0.19776 0.52460 37
-0.01831 -0.04500 83 98
-0.01875 -0.01328 27 67
0.27031 -0.22361 71 40
-0.17010 -0.05374 69 38 72
0.12388 0.12921 42 65 20 70
0.38773 0.20318 53 62
-0.14872 -0.01494 68 27 16
0.09640 0.18006 93 67
-0.29457 -0.03325 25 55
0.41582 0.29145 49 19
0.00938 -0.11802 58 27
-0.34769 0.02463 52
0.54493 0.89921 
0.21244 -0.07187 91 94 89 8 33
0.10488 -0.09594 96 54 71 60 22 10
-0.03102 0.17643 29
0.04433 -0.00339 15 67 32 76 58
0.20551 -0.30908 64
0.34534 0.10196 49 35
-0.17430 -0.28014 0 97
0.17761 -0.22623 98 79 61
0.20407 0.07843 48
-0.12969 -0.06588 39 25 3
0.05077 0.06731 70 45 60 51 98
-0.13751 0.06363 14 50 83
-0.05517 0.01464 20 2 3 92 47
0.00645 0.20643 67 88 48
0.19664 -0.17260 58 46
-0.16036 -0.14205 27 4 47 0
-0.04761 -0.27136 87
-0.26838 0.43337 13 37 95
0.30814 -0.11738 40 94 35
-0.08228 -0.05326 25 60
0.85835 -0.63048 
-0.32965 0.31746 13 21
0.26030 -0.29588 64 31
-0.25037 0.09395 23 83
-0.82162 -0.36310 
-0.32860 -0.36362 1
-0.12866 0.01049 44 2 39 80 68
-0.46781 -0.92911 
0.96360 0.27953 
0.25884 0.09245 15 41
-0.04309 -0.18369 39 30 27 73
-0.12250 0.33909 37 13 70 9
0.33421 -0.08243 57 28
-0.27109 -0.20753 1 25
0.06903 -0.07808 0 33 57 15 39
-0.09144 0.08796 69 14
0.13023 0.25958 51
0.28822 -0.09429 57 75
-0.33035 0.46706 74
0.08244 0.00907 58 29 8
-0.26801 -0.36503 99 63
0.08785 -0.08663 64 67 44
-0.34813 -0.43569 97 12
