80
0.06526 -0.06943 27 35 55 7
0.01640 -0.25186 2 74 31 37
-0.05894 -0.14202 1 44 15 40 50
-0.04263 0.16647 48 34 29 65 45
-0.15932 -0.20334 73
0.20270 0.18490 26 76
0.17242 -0.06347 19 11 57 14
0.10851 -0.05930 59 49 72 27 63 0
0.22743 -0.29546 55
0.15701 0.43202 28
-0.19390 0.06734 35 12 33 71
0.11077 0.08622 75 6 22 73 66 52 65
-0.22014 -0.07471 10 60 47 40
-0.25030 0.00312 61 58 47
0.21578 -0.11441 70 74 6
-0.07114 -0.18471 30 51 27 77 78 2 47
0.18274 -0.32943 55
0.08272 0.01401 36 70 47 23 68
-0.01784 -0.02048 55 48 47 29
0.09228 0.07162 6 33 23 67 65 59 48 64
-0.02532 0.11648 58 77 53 71 75
-0.19170 0.22197 56 29
-0.04888 0.00016 35 11 43 70 56 49 39 78
0.16778 0.03928 38 34 70 19 66 50 17
0.01590 -0.04282 26 25 55
-0.13832 0.04442 71 24 44
0.12883 0.02963 5 24 34 38 74
0.03341 -0.07092 29 55 0 63 15 67 7 77 73
0.11069 0.27755 68 9 52 76
-0.07274 0.08957 27 71 40 44 21 76 3 18
-0.13848 -0.27148 15 43 42
0.00415 -0.17184 47 63 1 50
-0.11527 -0.13147 46 51 47
-0.05574 0.06970 19 69 10 56
-0.00743 0.02293 23 26 44 3 35 43
-0.09028 0.02254 10 22 58 0 34 63
0.17417 0.08424 17 68 59
-0.02903 -0.19151 77 74 1 49 44
0.24320 0.06174 23 72 67 75 26
-0.21433 -0.03047 40 22 43
-0.14941 0.01732 29 58 64 39 45 2 12
-0.23816 -0.11185 61 47 43
-0.00818 -0.28177 74 30 51 55
-0.15189 -0.10989 30 22 41 39 60 34
-0.08363 -0.05321 29 2 73 34 25 37
-0.11614 0.06465 63 47 40 3
-0.00288 0.07491 32 76 52 71 53 70
-0.11217 -0.07207 31 17 41 13 12 77 45 18 32 15
0.02073 0.10710 63 3 18 19
0.00226 -0.13303 7 73 22 37
0.09536 -0.11250 69 63 31 23 2
-0.10459 -0.29332 15 32 42
0.02841 0.21512 71 11 46 28
-0.01174 0.04951 61 74 20 76 68 71 46
-1.00000 0.88168 
0.10016 -0.16810 74 18 27 16 78 8 67 0 24 42
-0.15880 0.14494 21 22 58 33
0.06237 -0.20736 6 69 60
-0.18952 0.10119 35 20 13 40 56
0.04380 0.03901 7 77 36 65 19 61
-0.12884 -0.20518 12 57 43
-0.12805 -0.02237 53 73 13 41 59
0.31681 0.11279 75 72 79
0.01010 -0.02405 31 48 45 78 27 50 7 35
-0.00341 0.14548 76 40 68 19
0.07351 0.17637 59 19 3 11
0.25465 0.14385 11 23
0.15861 -0.01933 38 19 76 27 55
0.07404 0.10489 36 28 53 64 78 17
0.05644 -0.09723 50 33 73 57
0.15003 0.02034 17 23 76 14 79 22 46
-0.09033 0.14477 29 52 25 20 53 46 10
0.19482 0.02214 38 62 76 7 73
-0.00073 -0.06453 61 11 49 69 44 72 4 27
0.06184 -0.13437 55 53 1 42 78 77 37 14 26
0.18107 0.14931 11 62 38 20
0.09516 0.12381 5 70 46 67 53 72 64 29 28
-0.03305 -0.07394 59 37 20 74 47 15 27
0.02439 -0.08920 74 55 63 15 68 22
0.33652 0.04733 70 62
