80
-0.14117 0.17313 6 23 27 19
0.10545 0.24096 15 17
0.11212 -0.06066 75 48 4 30
-0.12529 -0.18116 68 53 13
0.17003 -0.11425 5 16 48 31 2
0.23420 -0.05826 4 65
-0.05614 0.19220 57 0 62 71
-0.83876 -0.23052 
0.82082 0.54730 
-0.04385 0.07432 17 67 63 24
-0.06672 0.07955 21 72 19 73 71 30 62
0.30933 0.18395 79
-0.23106 0.93791 
-0.17810 -0.16691 36 3
-0.53539 -0.88174 
0.05050 0.29696 62 1
0.20304 -0.18045 35 4 25 69
0.09530 0.11386 9 57 52 79 65 45 46 1
0.10139 0.18389 44 62
-0.13349 0.11588 10 22 0 56
0.26341 0.08161 49 44
-0.02745 0.05187 10 42 57 30
-0.07282 0.04794 19 45 63 66
-0.03586 0.11381 55 0 29
0.04400 0.13036 41 39 9 44
0.14872 -0.15516 40 16
-0.01716 -0.03665 72 46 38
-0.24812 0.15231 0 51 60
0.32326 -0.03637 64
0.08930 0.04855 40 78 23
0.00855 -0.00702 42 2 10 21
0.06142 -0.14232 59 4 74
0.15020 -0.06647 38 78 64
-0.07803 -0.14458 68 76 38 36
0.19855 0.06645 79 70
0.25709 -0.09659 78 16
-0.11248 -0.07477 13 59 33 66 60 58 43
-0.13043 -0.95989 
0.01441 -0.11158 58 32 33 54 39 42 26
-0.01082 0.03237 24 38 56
0.07239 -0.05708 29 58 42 64 25 55
0.05710 0.24200 24
-0.02764 -0.06159 40 30 21 43 38
-0.11438 -0.12442 42 36
0.13640 0.07002 66 18 48 20 64 24
0.03762 0.02714 22 17 74
0.02875 0.05276 17 55 26
-1.00000 0.15224 
0.16640 -0.02694 2 44 4 70 64
0.30775 0.03050 20 64
0.01072 -0.36331 54
-0.33290 0.20469 27
0.19065 0.11337 78 17
-0.21009 -0.11301 67 3
0.01138 -0.26093 50 38
-0.03885 0.00976 23 56 73 61 46 40
-0.10137 0.07188 55 77 60 71 19 39
0.00612 0.15372 6 17 21
-0.02271 -0.12060 38 40 36
-0.05883 -0.09416 72 31 36 63
-0.19063 0.04315 56 27 36 67
-0.00631 -0.07968 74 55
0.00303 0.20798 6 15 18 10
-0.10067 -0.00224 9 22 59
0.21157 -0.01535 28 44 40 48 49 32
0.17325 0.02804 5 17 70
-0.00671 0.01999 44 75 36 77 22
-0.17251 -0.00257 9 53 73 60
0.01327 -0.15298 33 3 69 70
0.11568 -0.22085 68 16
0.09859 -0.00335 68 71 48 65 34
-0.00870 0.10109 70 6 10 56
-0.08434 -0.02402 59 26 10
-0.13625 -0.00481 55 76 10 67
0.04997 -0.08395 61 45 31
0.07066 -0.02530 2 66
-0.16708 -0.10125 33 73
-0.08770 0.10689 56 66
0.20469 0.02028 79 35 32 52 29
0.22376 0.12306 78 34 11 17
