80
-0.17276 -0.13400 38 28 70 7 68
-0.16268 0.04726 57 65 60 63 71
0.15555 0.07161 47 51 30
0.29297 -0.22054 26 4 41
0.17924 -0.22028 74 3 26
0.18700 0.21228 78 6 11 72 67
0.30689 0.08005 5 41
-0.23015 -0.04366 66 0 71 35
-0.02825 -0.13829 51
0.07914 -0.00342 24 47 63 50
0.00872 0.15624 49 27 65 62
0.09430 0.14924 58 5 12 39 29 64
0.14814 0.11558 11 36
0.04802 -0.04515 62 45 70 54 64 42 21
-0.10031 0.26986 52 40 42
0.16968 0.01792 59 39 79 65
0.43449 -0.12106 41
-0.16001 -0.05729 28 50 48
0.18510 -0.19582 73 79 32 50
-0.26013 -0.18529 28 38
-0.04431 0.18489 63 49
0.20920 -0.09520 41 13
-0.15606 0.08987 29 54 48 57
-0.09614 -0.17977 76 38 51
0.07909 -0.08909 9 51
-0.77557 0.98876 
0.26451 -0.30479 3 4
-0.06744 0.07869 68 29 10 42
-0.28313 -0.10419 17 0 19 77
-0.03068 0.12450 22 36 27 44 11
0.23957 0.16007 53 2
-0.31576 0.09766 77 60
0.29868 -0.28347 18
-0.26181 -0.48070 37 61
1.00000 -0.97395 
-0.32772 0.04482 48 43 57 7
0.07275 0.02180 29 12 66 75
-0.29992 -0.58556 33
-0.13408 -0.14251 0 23 19 55 61 65
0.20211 0.14086 11 15
-0.13574 0.39169 14 56
0.30625 -0.08270 16 75 6 69 21 3
-0.02018 0.09457 46 27 13 74 14
-0.46039 0.06412 35
-0.09735 0.19312 67 29 48
0.11822 -0.16442 13 73 75
-0.01624 0.20810 42 52 72 56 67 51
0.21010 0.09069 9 2 78
-0.21670 0.08770 22 35 44 17
-0.01071 0.27312 10 20
0.03331 -0.10440 66 17 59 18 9
0.00255 -0.01314 2 55 23 8 24 46
-0.13741 0.24292 14 46 60
0.13575 0.16906 65 30 78 67
-0.09118 0.00210 22 13
-0.05860 -0.00713 51 38 58 65
-0.07502 0.35334 46 40
-0.22489 0.06091 1 63 22 35
0.00257 0.12765 11 55
0.15250 -0.06227 15 50
-0.15391 0.12683 64 1 31 52
-0.21067 -0.33209 33 38
0.06881 0.07841 13 10
-0.08261 0.05365 9 57 20 1 66
0.04102 0.04430 60 74 13 11 69
-0.00348 0.03399 53 1 10 15 38 55
-0.06647 -0.04108 50 7 36 63
0.05665 0.23844 44 53 46 5
-0.09186 -0.06384 27 74 0
0.21226 -0.02327 79 64 41
-0.02309 -0.18311 0 13 73
-0.28052 0.00429 7 1
0.10288 0.29122 5 46
0.09210 -0.24372 18 45 70
0.03803 -0.07064 64 4 42 68
0.18415 -0.09327 41 36 45
-0.16433 -0.29281 23
-0.37743 -0.01413 31 28
0.24529 0.20182 5 53 47
0.24810 -0.08797 69 18 15
