100
-0.18566 0.10782 26 64
-0.48120 0.04856 39 2
-0.48715 -0.02985 7 1
-0.08802 -0.11868 91
-0.00529 0.23486 19 59
0.14981 -0.10843 50 52 23
-0.23086 -0.03869 26 46
-0.41833 -0.09254 2 66
-0.44666 -0.28091 53
0.03674 -0.18412 60 22
-0.08694 -0.01197 26 91 47 37
-0.01123 0.39015 24 31
0.13596 -0.03088 30 68 93
0.11013 0.10698 62 69 57 86 19 40
0.18985 -0.03048 30 17 58
0.03876 0.96660 41
-0.16644 0.19888 64
0.24582 -0.13294 14 25
-0.47834 0.14167 39
0.06468 0.20446 62 13 4 99
0.89277 0.57745 
-0.05689 -0.01016 91 93 34 69
0.16337 -0.14390 71 86 9 65
0.17914 -0.19007 44 94 25 5
-0.07432 0.28402 56 64 82 11
0.21334 -0.22123 83 17 32 23
-0.18559 0.02749 6 10 0
-0.21884 -0.12789 90 88 34
0.05657 0.13704 64 30 85
0.75072 -0.54955 
0.18220 0.05119 28 12 14 95 78
0.02489 0.46990 11
0.27680 -0.29029 25
0.49945 0.89429 
-0.15893 -0.06363 21 27
-0.69014 -0.77711 
-0.32113 -0.01642 43 66
-0.03655 0.05884 59 10 52
0.00176 -0.03399 88 49 62 54
-0.40724 0.10074 1 18 43
0.20902 0.10147 78 63 13
0.02677 1.00000 15
-0.01134 0.07947 58 64
-0.27534 0.08905 36 64 39
0.10411 -0.10996 23 45 83 78 91
0.06738 -0.13699 83 44 93
-0.18740 -0.11743 60 6
-0.01803 -0.08089 86 58 98 10 89
-0.25982 -0.93801 
0.04489 -0.15659 71 51 38
0.22500 -0.12131 5 68
-0.01397 -0.20025 98 49 83
0.05240 -0.02441 54 5 37
-0.38715 -0.22093 8 81 66 90
0.03351 -0.00285 52 86 67 38
0.68835 0.64725 
-0.07881 0.36940 24
0.17156 0.17564 13
0.06965 -0.00176 42 47 14
-0.05612 0.16768 37 4
-0.08761 -0.17135 46 9
-0.31918 -0.39221 72 73
0.05394 0.09288 13 19 38
0.28405 0.15382 40
-0.10881 0.12948 28 88 82 16 42 24 43 0
0.31665 -0.13851 80 97 22
-0.30894 -0.12979 53 36 98 7
-0.02937 0.01080 93 74 54
0.22259 -0.07019 50 12
0.00934 0.09991 13 75 21
-0.20399 -0.18459 73 88
0.12323 -0.20739 49 22
-0.35378 -0.46530 61
-0.27596 -0.28784 70 61 90
-0.09401 0.06131 67
0.00224 0.18281 69
-0.16625 -0.11751 88
0.39593 -0.00645 95 97
0.17533 0.00428 40 44 30
0.17605 -0.04877 86
0.40107 -0.17101 65
-0.46619 -0.25162 53
-0.11384 0.23188 64 24
0.09879 -0.19606 25 45 44 51
0.54079 -0.83811 
0.10758 0.21803 28
0.09856 -0.03277 79 47 54 13 22
-0.29107 0.94401 
-0.12021 -0.05454 64 76 27 38 93 70
-0.04260 -0.16681 47
-0.30238 -0.21648 27 73 53
-0.02718 -0.07371 21 3 10 44
-0.00703 -0.13804 93
0.00540 -0.06220 67 21 45 88 12 92
0.22485 -0.27141 23
0.30953 0.03702 30 77
0.06237 0.40331 99
0.39747 -0.08280 65 77
-0.13757 -0.15103 51 47 66
0.06858 0.32119 19 96
