20
-0.22780 -0.51255 9 15 8 17 7
0.31153 -0.30114 9 14 2
0.09349 0.20631 6 13 19 1 3 11 10
-0.25032 0.57145 7 2 10
0.57146 -0.27431 19 13 12 9
-0.92000 0.62410 10
-0.41067 -0.00773 17 2 10 7
-0.05973 0.25940 3 12 16 18 0 11 6
-0.10545 -1.00000 9 0 15
0.12760 -0.65614 15 8 0 1 4 12
-0.39971 0.33871 14 6 5 3 2
0.31223 0.40457 7 2 19 14
0.15303 -0.23580 7 4 14 9
0.58455 0.02594 4 2 14
0.18079 0.05587 10 1 12 13 11
-0.32801 -0.86363 9 0 17 8
0.33474 0.71019 7 19 18
-0.59929 -0.53292 6 0 15
0.05562 0.87765 7 16
0.57594 0.31004 4 2 16 11
