100
0.57451 0.51250 42
0.02426 0.05098 5 67
-0.07607 -0.15859 65 40 59
-0.27826 0.33982 14
-0.65293 0.81950 
-0.01379 0.06125 1 90 43
-0.33134 0.02596 63 74 84 25 94
-0.08974 -0.13326 59 9 88
-0.59938 -0.65449 
-0.13032 -0.05590 21 76 7 52 31
0.14055 0.32737 49
-0.20316 0.18439 28 94
-0.10182 -0.22500 72 88 75 30
-0.26057 -0.30109 54
-0.23380 0.26759 3 93
-0.40214 0.12382 94
0.42796 -0.94301 
0.05920 -0.08524 55 29 30 47
-0.29525 -0.14067 52
0.23909 -0.04320 92 50
0.36358 0.35641 91
0.01633 -0.09664 99 38 67 92 9 60
0.82934 -0.66077 
-0.48265 0.12977 63
-0.08750 0.31642 28 26
-0.20112 0.03912 96 43 6
-0.06286 0.31952 28 24
-0.00216 0.01096 67 96 73
-0.06185 0.23830 11 64 49 26 24
0.13144 0.02812 41 81 55 17 92
-0.02970 -0.13715 77 12 17
-0.17041 0.06243 93 9
0.18552 0.41472 49 97 98
-0.12533 -0.08198 72 62 59
-0.08503 0.08829 90 96 93
-0.15298 -0.10928 59
-0.10006 -1.00000 
0.99010 0.09148 
-0.07689 -0.18922 47 21 54
-0.34632 -0.00086 94 84
0.00287 -0.12139 90 82 2 77 89
0.19283 0.16186 29 48
0.57912 0.54776 0
-0.08471 0.03635 67 25 5
0.11996 -0.28594 89
-0.73508 -0.67504 
0.80614 0.56431 
0.02053 -0.19464 38 71 17
0.24196 0.27793 91 41 78
0.07382 0.32926 32 10 28
0.26709 -0.07699 19 68
0.01971 -0.06976 73 62 82
-0.21587 -0.10393 79 59 18 9 84
0.29949 0.55334 97
-0.22018 -0.21943 61 38 84 13
0.03921 -0.02736 29 17 59
-0.29795 0.87290 
0.91081 0.11402 
0.06064 -0.12117 90 89
-0.08430 -0.05946 35 64 33 7 67 52 55 2
0.10597 -0.08461 68 87 67 21
-0.22668 -0.31524 54
-0.07621 -0.03839 33 85 51 96 67 72
-0.41673 0.08391 6 23
-0.04910 0.08209 28 59 85 83 77
-0.12529 -0.23773 2
0.10382 0.18182 83
-0.00653 -0.02764 27 21 43 59 60 1 62
0.18250 -0.07117 60 73 50
0.10159 0.00853 90 92
0.09133 -0.30870 89
0.05246 -0.26877 89 47
-0.11728 -0.13330 33 12 62
0.09055 -0.03738 68 51 27
-0.41801 0.02562 6
-0.16988 -0.32369 12 86
-0.21198 -0.04906 9
-0.03260 -0.04307 30 64 40
0.22166 0.35449 48
-0.27910 -0.16523 52
-0.38899 -0.12684 84
0.19429 0.01800 92 29
0.04336 -0.14332 40 51
0.02829 0.15520 64 66
-0.30547 -0.09501 80 6 39 54 52
-0.09937 0.05089 64 62
-0.22044 -0.39563 75
0.19008 -0.13208 60
-0.03906 -0.22094 12 7 89
0.05434 -0.22223 71 44 40 88 70 58
0.01432 -0.00789 34 40 58 69 5
0.31620 0.32763 48 20
0.14178 -0.03095 81 21 19 29 69
-0.17235 0.16347 31 34 14
-0.31897 0.10135 11 39 15 6
0.93299 -0.18242 
-0.10576 0.02836 27 25 34 62
0.25303 0.49482 53 32
0.24719 0.44997 32
0.08948 -0.15987 21
