20
-0.26485 0.47150 11 16 4 2
-0.56682 -0.17924 11 12 8 19
0.10712 0.34345 19 5 14 0
0.15068 -0.26639 14 17 8 13 12
-0.00406 0.15842 14 5 0 8 11 17
0.29349 -0.05163 2 17 13 4
-0.58630 -0.74202 8 18
0.75468 0.47516 14 9
-0.22413 -0.30774 13 11 6 1 4 3 15
0.30950 0.43275 7 15 16
1.00000 0.57339 14
-0.40522 0.08349 1 8 0 17 19 4
-0.32688 -0.43492 1 15 19 18 3
0.21798 -0.49274 8 5 3
0.51726 0.24082 4 3 7 2 10
-0.07545 -0.10254 19 12 9 8
-0.09243 0.62872 19 0 9
-0.00200 -0.00028 5 3 11 4
-0.52409 -0.95528 12 6
-0.27849 0.12506 1 15 2 16 12 11
