40
-0.06892 -0.37823 25 18 32 10 11
0.21727 -0.33235 34 19 31 33 20 12
0.23423 0.18033 25 37 8 33 12 15
0.43522 0.45798 6 7 22
-0.13591 -0.63011 5 20
-0.24217 -0.09099 4 15 24 18 27
-0.00076 0.27571 27 3 38 33 37 24 9
0.18972 0.28060 16 3 11
0.64814 -0.02371 22 2 23
0.14319 0.03156 18 23 30 16 6
-0.18913 -0.17721 13 18 11 33 16 0 21
0.03880 -0.22909 34 10 25 0 32 7
0.30075 -0.05057 26 30 1 2
-0.43386 -0.13948 27 10 32
-0.03940 0.80245 15 37
-0.11690 0.44956 14 5 16 2
-0.10225 0.28616 7 37 33 10 29 9 15 39
-0.88087 0.75014 39
0.11789 -0.30222 10 23 9 0 35 5 24 21 26
-0.25696 -0.34289 1 28 27 33 30
0.26090 -0.63698 26 4 1 34
-0.14874 -0.29743 32 10 30 18
0.60109 0.19071 3 8 32
0.35829 -0.30902 32 18 9 35 33 8 34
-0.00124 0.05192 38 26 5 6 18
-0.10269 -0.01012 38 2 0 33 11
0.34523 -0.19893 32 12 20 24 31 18
-0.42599 0.10169 13 6 19 39 5 38
-0.21622 -0.80965 19 34
0.26880 0.57506 16 31
-0.18846 0.03732 39 12 32 19 9 21
0.38995 0.16635 1 26 29 37
0.10708 -0.07725 26 21 23 37 30 13 0 11 22
0.02041 -0.07985 16 6 10 25 19 1 2 23
0.12305 -0.63107 1 11 28 20 23
0.51217 -0.58193 23 18
-1.00000 0.56698 39
0.07766 0.41021 38 16 32 6 2 14 31
-0.27066 0.30537 25 24 37 6 39 27
-0.56871 0.40897 36 30 38 17 27 16
