30
-0.10584 -0.03373 16 4 21 5 28 11 15
-0.19011 0.04496 14 26 17 20 6
0.03249 -0.11102 7 21 10 17 29
-0.03126 -0.10672 29 28 21 11 16 27
-0.11673 0.11151 0 17 18 22
-0.20617 -0.04692 17 20 6 0 21
-0.12795 0.02716 15 16 22 5 27 14 1
0.07693 -0.04443 19 2 18 8 10 23
0.09774 0.00025 24 15 7 28
-0.25084 0.13021 18 20 26
0.08947 -0.15899 2 7 14
0.01156 0.00116 25 29 3 23 27 0 15
1.00000 -0.04687 
0.27875 -0.00449 19 25
-0.02693 -0.04399 1 18 19 16 6 10
-0.02920 0.07628 6 8 29 0 23 11 26
-0.13695 -0.08748 0 6 14 3 17
-0.06635 0.00369 5 4 1 25 2 18 16
-0.07265 0.06384 14 7 27 22 23 4 9 17
0.16337 -0.04983 7 14 13 29
-0.31299 0.04065 5 1 9
-0.10190 -0.14782 3 28 2 0 27 5
-0.04559 0.16504 24 6 18 4
0.04452 0.08756 11 18 7 15
0.09884 0.14053 22 29 8
0.13739 0.03091 11 29 17 13
-0.18085 0.16602 1 15 9
-0.08859 -0.06841 18 6 11 3 21
-0.00960 -0.15015 3 21 0 8
0.06943 0.01107 3 24 11 25 15 19 2
