60
-0.42393 -0.00703 8 44 40 3 45 20 7
0.17997 0.20072 44 23 38 31 27
0.33817 -0.35289 30 47 6
-0.37722 0.15046 16 0 7 5 26
-0.04468 0.16330 46 29 36 16 18 51
-0.06900 -0.09200 20 39 55 37 22 8 6 30 15 3
0.18380 -0.23863 9 36 17 2 5 52
-0.43350 -0.22494 41 47 25 0 3
-0.01320 0.03864 24 0 53 46 5 55 45
-0.28474 -0.34507 6 39 18
0.27927 -0.09039 33 58 52 49 29
0.60551 0.00862 32 36 55 53
0.74651 0.34089 52 33
-0.21733 0.26018 18 30 56 20
0.59214 -0.60122 55
-0.09305 0.28946 44 38 31 5 51
-0.27006 0.39520 3 4 28 51
-0.19371 -0.23080 6 18 37 42 39
-0.35721 0.05978 13 17 4 9 34 26 59
-0.63661 0.27286 21 41
-0.46821 0.15461 5 0 13
-0.21704 0.10807 38 45 19 40 31 35 47
0.22741 0.07715 52 5 26 47 33
0.40204 0.10983 1 30 35 52
-0.04408 -0.19226 51 8 55 29 37 45
-0.21677 -0.36351 43 7 49 44 50
-0.13541 0.36492 18 48 22 46 3
0.04620 -0.07655 36 34 1
0.02764 0.15190 50 16 48
0.12572 -0.18591 4 30 24 37 10
0.14524 -0.01228 13 2 58 29 23 56 5
0.14354 0.38248 15 33 1 21 56
0.79491 0.23317 11 33
0.42292 0.28179 10 56 48 31 12 32 22
-0.41543 -0.07478 18 41 27 51
0.05594 0.01062 58 44 43 23 38 50 21
0.36366 -0.02367 6 4 52 11 27
-0.02403 -0.43234 5 24 29 17 50
0.04480 0.31623 21 15 35 1
-0.23047 -0.48055 9 49 5 17
-0.54347 -0.02738 0 21 44
-0.61465 -0.02243 7 58 34 19
-0.14685 0.20441 46 48 17 58
-0.11746 -0.17810 25 45 35 49 56
-0.19014 0.01987 58 56 1 0 15 35 25 40 45
-0.28186 -0.11200 21 43 0 24 44 8
0.00286 0.41338 4 42 8 53 26
0.00445 -0.31555 2 7 54 22 21
0.06933 0.41025 53 28 42 33 51 26
-0.04959 -0.37150 39 58 25 43 10
0.07831 -0.29687 28 37 25 35
-0.29201 0.20910 24 4 16 48 59 34 15
0.56573 0.04036 22 36 10 12 57 23 6
0.30551 0.30576 48 8 46 11
0.08552 -0.76911 47
0.30860 -0.25741 24 5 11 8 14
0.07164 0.19632 44 33 13 30 31 43
1.00000 0.04414 52
-0.13976 -0.06284 35 44 49 30 41 10 42
-0.67586 0.22353 51 18
