30
-0.25333 -0.87525 12 2
-0.43852 0.10855 13 29 22 23
0.11376 -0.58985 11 22 0 28 9
0.11112 -0.91655 22 11 9
-0.16629 -0.04519 23 16 5 6 8 24 11
0.04414 0.14816 19 23 4 16 25 12
-0.59583 -0.30224 4 13 12
0.12575 -0.04265 13 28 18 9 16
-0.11002 -0.21342 27 4 16
0.48592 -0.55908 3 15 7 2
-0.83438 0.41383 16 21
-0.03990 -0.68386 2 3 4
-0.24151 -0.36595 0 27 13 6 5
-0.45678 -0.04740 1 7 21 6 12
0.60732 0.30827 23 28 20 18
1.00000 -0.31590 20 9
-0.32247 0.19049 10 4 21 5 8 7
-0.27583 0.88151 26 21 25 29
0.46152 0.43710 20 25 7 14 24
0.49345 -0.09283 5 27 28
0.94406 0.18456 18 15 14
-0.53338 0.47871 16 13 10 17 26
-0.29507 -0.57424 3 2 1
0.06852 0.30218 14 4 5 24 1
0.00607 0.50233 29 23 4 18
0.16695 0.72814 18 5 17
-0.14734 0.56321 17 28 21
0.22376 -0.31318 12 8 19 28
0.28853 0.01859 14 26 7 19 2 27
-0.43022 0.67197 1 24 17
