90
0.04480 -0.00436 49 66 51 33
-0.10852 0.24245 13
0.09249 -0.07511 56 6 24 78
-0.21531 0.07078 71 69
0.02049 0.11217 77 52 80 76 9 18
0.05038 0.11864 76
0.02515 -0.13991 2 53 26 62
0.16286 0.09390 56 14
-0.16395 -0.04134 48 74 70 26
-0.07238 0.10717 76 22 54 66 28 63 4
-0.73383 0.86378 
-0.11664 -0.11342 32 64 23 76
-0.08543 -0.04616 13 73 64
-0.07116 0.12388 30 29 1 12
0.14236 0.13542 34 81 60 7
0.21839 -0.21915 36 19 24
0.09246 -0.29566 89 19 44
-0.19978 0.21660 54 20
0.09785 0.11701 55 57 76 4
0.18955 -0.31549 16 15
-0.20879 0.13086 37 17 40
-0.73200 -0.70679 
-0.15782 0.15326 9 40
-0.12945 -0.06382 59 35 11
0.15936 -0.12577 2 49 15 51 68
0.13501 0.11652 46 60 56 47
-0.04014 -0.05156 70 76 37 53 40 6 89 8 83 56 68
-0.01778 0.11512 56 80 54
-0.04586 0.22653 9
-0.13687 0.22542 13
0.06512 0.05548 13 55 84
0.14383 -0.23822 65 44
-0.24069 -0.23474 11 67 42
-0.05511 0.07892 70 87 0 52
0.19488 -0.00618 14 68 36
-0.20506 -0.05217 23 37 72
0.21497 -0.13113 15 34 65
-0.15159 0.03742 26 74 20 54 69 35 66
-0.05815 0.24005 52 81
0.19015 -0.02626 77 84
-0.14816 0.06992 26 43 22 20 87
0.90163 -0.72445 
-0.30049 -0.31711 32
-0.19879 0.03480 40 74 71
0.08533 -0.22624 64 31 16 88 65
0.27245 0.03545 55
0.04419 0.06957 25 80 78 70
0.21646 0.11194 55 25
-0.27087 -0.05974 8 74
0.09347 -0.04702 0 24 66 50
0.14752 -0.09532 53 84 49
0.14539 -0.06129 65 55 0 24
-0.05903 0.16955 87 38 4 33
0.06799 -0.06763 50 26 6 55
-0.12716 0.14850 9 37 27 17
0.15208 0.03428 18 51 66 47 45 30 85 53
0.07406 0.01229 59 2 27 58 7 25 65 26
0.19061 0.20091 18
0.16550 0.05355 78 56
-0.03377 -0.00066 56 80 23
0.17060 0.20311 25 14
0.04364 1.00000 
0.01028 -0.25267 89 6
-0.15160 0.00253 72 9
-0.02430 -0.11036 44 11 82 71 12
0.11225 -0.14344 51 31 86 56 36 44 82
0.00095 0.02764 55 0 49 9 71 37
-0.32589 -0.28952 32
0.10855 -0.07322 34 84 24 26
-0.26264 0.06898 37 3
-0.06670 0.01139 26 33 8 46
-0.09245 0.03729 3 81 64 66 43
-0.17782 -0.10837 73 63 35
-0.10868 -0.17551 72 75 86 12
-0.22364 -0.02287 37 83 48 8 43
-0.15193 -0.27377 73
-0.01787 0.03649 26 9 4 5 18 11
0.12476 0.04682 39 4
0.11150 0.01998 2 58 46
0.86703 0.48558 
-0.00592 0.08386 59 27 4 46
0.00404 0.15949 71 38 14
0.07245 -0.13209 84 64 65
-0.16148 -0.07690 74 26
0.12728 -0.04585 82 50 39 30 68
0.26768 0.07093 55
0.00220 -0.19474 73 65
-0.12545 0.12987 52 33 40
0.15499 -0.30922 44
0.00598 -0.21087 62 16 26
