30
0.00419 -0.37493 24 3 22 17
0.05008 0.09246 25 14 26 8 24 16
0.28294 0.18811 11 16 20 24 15
0.04212 -0.12561 13 8 0 16 25
-0.19464 -0.97534 17
-0.03261 -1.00000 17
0.00176 -0.24370 25 21 13
-0.23246 0.50517 12 10 16
-0.05520 -0.25047 1 3 18
0.71855 0.33522 20
-0.34798 0.72160 12 7
0.32877 0.45923 28 2
-0.19619 0.64823 10 14 7
0.24966 -0.19298 3 15 6
-0.01961 0.41887 26 1 12
0.39148 0.01739 20 13 24 2
-0.04358 0.18257 19 2 1 3 7
-0.07380 -0.74906 4 5 18 0
-0.07886 -0.56264 17 8
-0.27736 0.06632 16 29 27 23 22
0.46264 0.24592 26 15 2 9
-0.30467 -0.30743 6 27
-0.22631 -0.19946 0 19
-0.09496 0.26625 28 26 19 25 29
0.20903 -0.07050 0 1 15 2
-0.04576 -0.00237 1 6 3 23
0.15592 0.29689 20 14 1 23
-0.45120 -0.13641 21 19
0.12061 0.49649 11 23
-0.34258 0.25018 19 23
