60
0.52607 -0.73400 
-0.88814 -0.48506 
-0.29661 -0.11192 3 40 32 21
-0.40010 -0.18528 2 59
-0.03958 0.01995 5 6
0.05428 0.03373 4 30 57
-0.13393 -0.00642 47 22 4 40
-0.10827 -0.23778 54 13
0.19840 -0.16407 58 14
0.09997 -0.23108 49 30 14
0.35312 0.89658 
0.03812 0.36656 56 51 15
-0.23324 0.08876 47 23 21
-0.00419 -0.14902 25 58 48 52 7
0.18636 -0.24480 8 9
0.00272 0.45767 11
0.99538 -0.20196 
0.15108 0.18844 26 27 35 56
-0.19123 0.09804 21 19
-0.09822 0.15988 45 18 27
-0.08867 0.05937 48 50
-0.21592 -0.00751 18 48 12 2
-0.18618 -0.06586 6
-0.32520 0.12491 12
0.06256 0.33260 51 56
0.06845 -0.12934 13 37 58
0.16193 0.24452 17 55 27
0.03188 0.18959 47 31 17 26 19
-1.00000 -0.15184 
0.23075 -0.02028 35 58
0.03860 -0.09189 5 46 9
0.08374 0.25828 43 27
-0.38639 -0.12435 2
-0.04400 -0.33509 52 36
0.09204 0.09107 42 51 58
0.21809 0.05367 39 29 17 58
0.02173 -0.39398 49 33
-0.01891 -0.11918 25 48
-0.02908 0.33646 51
0.31940 0.05565 35
-0.16281 -0.11198 2 52 6 46
0.00982 -0.03167 48 42
0.08815 0.01446 34 41
0.13563 0.25356 31 56 57
0.23601 -0.10074 58
-0.10975 0.08854 19 46 50
-0.07941 -0.03470 45 30 40
-0.10205 0.11050 27 12 6
-0.08167 -0.05743 20 21 13 41 37
0.08499 -0.34244 36 9
-0.06532 0.16807 45 20 51
0.02083 0.24920 24 11 34 38 50
-0.07945 -0.21751 33 13 40
0.91689 -0.04172 
-0.19773 -0.27769 7
0.24288 0.30833 26
0.11448 0.30607 43 11 24 17
0.11418 0.14689 5 43
0.14253 -0.05931 44 8 13 29 25 34 35
-0.47503 -0.23545 3
