50
-0.12850 0.29515 19 2
-0.25448 0.27921 15 35 2
-0.24803 0.21421 25 35 1 0
0.18437 0.09969 42 17 36
0.06643 -0.15454 9 30 32 21
-0.05750 -0.19118 43 29
0.45317 0.10061 31
0.12912 -0.21710 17 12
-0.00969 0.05418 17 39 37 29 10
-0.02832 -0.16216 27 43 4 13 23
0.07376 0.03413 17 42 14 13 48 8 37
0.06128 0.19942 37 45
0.09520 -0.36073 7 18 43 40
0.05000 -0.03513 42 32 9 10 48
0.02309 -0.01775 30 45 23 10
-0.12935 0.24237 26 47 1
-0.25363 0.23935 35 39
0.12061 -0.03205 8 10 7 3
0.18260 -0.44966 24 12
0.01625 0.24707 45 0 36
-0.18065 -0.05343 25 27 32 38
0.19426 -0.13844 34 33 4 41
-0.22939 0.05670 35 38
-0.00044 -0.13038 14 9
0.26466 -0.41807 18 34
-0.27366 0.07622 20 2 49
-0.01058 0.14508 15 33
-0.15798 -0.16158 9 20
0.24499 0.11508 31 33 36
0.00596 -0.05809 5 8 33
0.08813 -0.09297 46 14 41 38 4
0.34274 0.05709 28 6 41
-0.03624 -0.08027 13 20 45 4 43
0.13709 0.01404 28 26 41 21 29
0.25504 -0.29560 21 24
-0.29410 0.18517 49 1 22 16 2
0.16473 0.20650 28 19 3
0.07732 0.12267 11 42 8 10
-0.10339 -0.03868 30 20 22
-0.17569 0.14176 8 49 16
0.08233 -0.48000 12
0.22812 -0.04127 30 33 31 21
0.12938 0.06520 13 10 3 37
-0.00255 -0.24129 5 9 12 32
-1.00000 0.30811 
-0.00161 0.10568 19 47 14 48 32 11
0.19928 -0.17988 30
-0.06177 0.22048 45 15
0.06537 0.06809 45 10 13
-0.29772 0.13700 35 25 39
