80
-0.25541 -0.02531 19 57 41 48 61
0.30171 0.12988 20 78 7 56
-0.15874 -0.14232 26 24 16 11 54
-0.11091 0.13732 66 44 69 19
0.16700 -0.22730 47 71 30
0.18274 -0.14275 56 35 55
0.64427 1.00000 25
0.00533 0.09907 46 23 74 16 12 1 58 63 19 53
0.06131 -0.17243 60 76 22 68
0.49975 0.07144 71 46
0.34079 0.05382 72 17 20 21 34
0.12321 -0.03594 71 68 55 46 53 2
-0.00980 0.28117 7 17 51 56 52
0.12207 0.04085 71 78 28
-0.28582 -0.06399 58 77 37 22 51
-0.13588 0.35105 67 30 39
-0.08192 0.14976 7 19 53 2
0.27096 0.30347 10 12
-0.36573 0.34285 60 79
-0.10944 0.20229 0 16 7 3 56
0.51183 0.18464 1 10
0.14970 -0.09743 65 76 10 22 51 55
-0.06055 0.00414 41 21 23 72 61 8 14
-0.21218 0.19825 7 39 22 31
-0.06873 -0.28007 26 72 2
0.55014 0.79541 42 6
-0.10754 -0.23309 2 59 24 55 39
-0.43605 -0.06056 51 63 70
-0.28724 0.07349 39 36 63 31 29 13
-0.40337 -0.17251 54 37 28
0.01297 0.05113 15 38 61 4
-0.42990 0.25288 69 28 23
0.60508 -0.43418 49 76
-0.00731 -0.16950 61 47 60 68 51 65
0.44004 -0.16524 74 64 10
0.10551 -0.33376 45 5 68 58 62 76
-0.45484 0.08020 77 51 28 57
-0.17711 -0.21941 44 29 74 38 14 47
-0.09129 -0.05058 55 30 41 37
-0.21943 0.09181 23 28 15 26
-0.44055 -0.56155 48 75
-0.02427 0.16818 50 22 38 0
0.41754 0.50273 25 50 46
0.52371 -0.18471 71 45
-0.19475 -0.03773 37 72 3 73
0.36775 -0.14917 35 46 43
0.31894 0.16299 7 42 11 9 45
-0.00178 -0.37138 4 33 59 37
-0.28256 -0.35929 62 40 0 68
0.78589 -0.36928 64 32
0.21442 0.35890 41 42 66
-0.17001 0.01949 36 27 12 21 33 69 14 55
-0.25862 0.41053 77 12
0.09576 0.20690 16 11 7
-0.40053 -0.30830 29 70 75 2
0.02320 -0.09983 38 58 66 11 26 5 21 51
0.08884 0.11853 5 72 1 60 19 12
-0.55702 0.01036 0 36
-0.12815 -0.21195 55 7 35 14 75 68
0.03295 -0.44353 26 74 47
-0.14607 0.07125 18 8 33 56 73
0.00882 -0.05744 33 30 0 22 71
-0.21123 -0.46398 70 48 35
-0.34063 0.20758 28 79 27 7
0.64315 -0.19243 49 34 78
0.27156 -0.19191 21 78 33
0.17193 0.11118 3 55 78 72 50
-0.18415 0.62800 15
-0.02344 -0.28747 11 35 33 48 58 8
-0.29643 0.20759 31 3 51
-0.46397 -0.34715 62 54 27
0.29837 -0.07314 13 11 9 4 43 61
0.07032 -0.02946 10 44 56 24 22 66
-0.37328 0.08203 77 44 60
0.11649 -0.21898 7 59 34 37
-0.35575 -0.44011 40 58 54
0.30804 -0.32518 21 8 35 32
-0.41665 0.19625 36 73 14 52
0.39000 -0.02707 1 66 13 65 64
-0.50306 0.42000 63 18
