30
0.56370 -0.38041 14 6 3 16 10
-0.43280 -0.23899 26 9 12 28
0.25719 -0.11569 6 7 3
0.01621 -0.16903 21 18 0 19 9 2
0.46773 0.08870 13 11
-0.35323 0.24178 15 11 26
0.40174 -0.05244 0 2 26 27
0.19099 0.20454 20 2
-0.94028 0.55318 15 23
-0.38641 0.08567 23 3 20 1 18
0.89754 -0.59462 0
-0.08092 -0.06150 18 4 21 5 12
-0.46278 -0.03961 26 11 1 17
0.88636 0.17669 4
0.73003 -0.73829 0
-0.61675 0.38939 5 8 17 19
0.83028 -0.12966 0 27
-0.79949 0.12508 15 12
-0.22595 -0.03532 19 3 11 9
-0.16477 0.26357 18 3 15 26 25 22
-0.10078 0.37379 26 9 7 25
-0.22452 -0.43447 3 11 28
0.23368 0.33190 27 26 19
-0.80604 0.33953 9 8
1.00000 0.46799 27
-0.16100 0.63035 20 19
-0.09242 0.09875 12 20 6 1 19 5 22
0.67756 0.22099 22 6 24 16
-0.54439 -0.64557 21 29 1
-0.76048 -0.95628 28
