50
0.25479 0.64437 5 19
0.12734 -0.38322 23 26 22 17
-0.05257 0.17361 19 5 16 36 47 28 29 10 23
0.16231 0.05972 23 41 40 6 19
-0.59517 -0.31054 17 43 44 31
0.11054 0.27981 0 12 25 2 23 46 43 24
-0.01344 0.10274 38 22 12 19 41 14 27 33 3 21
0.94255 0.04328 40
-0.45884 -0.60402 17 32 48
0.32959 -0.10324 40 28 21 23
-0.46125 0.03892 30 29 48 2
-0.62147 -0.04962 43 41
-0.06516 0.41940 29 5 6 18 25 30
0.37313 -0.26241 45 46 34 36 16 49
-0.09811 0.32915 27 42 6 30 39
-0.00169 1.00000 47
-0.00184 -0.13979 17 29 21 2 43 13 45 42
-0.26953 -0.42370 4 16 8 41 1
-0.19819 0.70303 12 47 39
0.13499 0.35529 2 6 0 27 28 25 3
-0.18747 -0.44694 22 48 41 21
0.08187 -0.21183 38 35 16 9 20 6
-0.01896 -0.25619 20 35 6 1 33
-0.02214 -0.05354 35 44 45 1 3 5 30 9 2
0.31061 0.45872 38 5
0.30909 0.31884 47 5 49 12 26 19
0.43873 -0.07812 1 28 25
-0.21025 0.19527 29 32 39 14 6 19
0.35498 0.17365 9 26 46 2 19
-0.19650 0.05972 12 27 16 38 10 35 2
-0.31847 0.27983 10 23 14 12 39
-0.56276 -0.50605 4 36
-0.25255 -0.27267 8 27 41 45
-0.08846 0.09234 41 39 47 22 6 35 42
0.69440 -0.56889 13
-0.09313 -0.31817 23 22 41 37 21 29 33
-0.13499 -0.22627 38 44 13 2 31
-0.06432 -0.78519 35
0.07084 0.08931 24 21 6 36 29 41 40 39
-0.20813 0.40213 27 33 18 38 30 14
0.49106 -0.00873 9 7 3 38 45
-0.19913 -0.11961 33 35 3 38 6 20 32 17 11
0.23156 0.09930 14 33 49 16
-0.34670 -0.00837 11 4 16 5
-0.40710 -0.24800 23 36 4
0.19248 -0.24737 13 23 16 40 32
0.49572 0.12825 13 5 28
0.00353 0.56596 25 33 18 2 15
-0.53968 -0.39569 20 10 8
0.57787 0.01553 25 13 42
