100
-0.07475 -0.01559 12 50 98 90
0.18239 0.10550 79 14 16 19
0.13948 -0.05805 24 33 59 51 32
0.28720 -0.06484 73 70
0.17099 0.13732 56 33 45
0.02897 0.44723 9
0.38028 0.06330 73
-0.04871 0.11144 26 45 52 93
-0.11782 0.34691 34
0.04012 0.34606 54 5
-0.17372 -0.24812 78
-0.08002 0.06936 75 17
0.04004 0.05898 0 96 33 55 82
0.01042 0.14986 16 20 61 55
0.16216 0.02816 28 21 1 64
0.18553 0.02154 30 68 97 26 18
0.08372 0.09709 13 17 1
0.01726 -0.01123 77 18 24 11 69 16 20
0.10288 -0.04420 83 17 21 15 97
0.14767 0.21490 54 1
-0.08498 0.09094 63 72 13 28 92 37 17
0.22451 -0.03805 18 14 85 97
0.01861 -0.16789 69 82
-0.19162 -0.02979 88 50 74
0.14405 -0.08467 42 82 2 79 17 70
-0.08815 0.18671 90 45 57 47
0.06936 0.01888 7 32 82 79 15 77 43 45 28
-1.00000 -0.63118 
0.03230 0.04757 14 26 20
0.05071 -0.37307 38
0.22613 0.00869 15 64 32
-0.00400 0.47417 57
0.12233 0.02689 73 26 33 2 30 58 61 77
0.06690 0.07537 60 2 93 12 32 4
-0.06861 0.24251 55 8 81 75
-0.05085 0.01301 98 54 78
-0.17829 -0.11743 83
-0.23867 0.13719 44 20
0.01525 -0.26599 67 89 69 29 71
-0.13064 -0.24389 80 87 77
0.05575 -0.01039 74 64 55
0.92391 -0.75487 
0.23868 -0.13945 24 97
0.05215 -0.03326 59 82 26 63
-0.34536 0.17174 37
0.03736 0.10551 66 46 58 65 7 25 26 4
0.05274 0.00954 45 83 64 84
-0.22725 0.18028 88 25
-0.48396 0.04561 86 76
0.28046 -0.10413 64
-0.14539 -0.06710 78 0 77 23 94
0.21006 -0.16687 2
-0.14189 0.19406 7 72
0.40652 0.20096 56
0.03230 0.19514 9 35 19
0.03160 0.13309 66 34 12 40 84 13
0.30756 0.14991 4 73 53
-0.04271 0.35665 31 25
0.12691 0.11288 45 32
0.09380 -0.12281 69 43 2
0.10802 0.18758 61 33
0.09894 0.14671 60 13 32
-0.33890 -0.56017 95
0.00789 0.09158 20 81 84 43
0.16762 -0.03428 40 49 84 30 70 46 14
0.01202 -0.03436 45 69
0.03500 0.21392 55 45
0.06223 -0.18851 38 69 74 70
0.23456 0.12797 15 96
0.03196 -0.14163 22 67 59 38 65 17
0.18352 -0.13019 3 64 67 24
-0.06570 -0.16040 77 87 90 38
-0.17504 0.16156 20 52
0.26119 0.05013 32 56 3 84 6
-0.04428 -0.10111 40 67 23
-0.12084 0.15577 11 93 34
-0.40830 -0.00106 99 91 48
-0.03296 -0.07758 71 17 92 50 26 39 32
-0.13268 -0.12936 10 50 35
0.19775 -0.00023 1 85 26 24
-0.22017 -0.37914 39 95
-0.03220 0.20895 34 63
0.06297 -0.06590 24 26 43 12 22
-0.07429 -0.04650 18 91 46 36
0.12533 0.06233 64 73 55 63 46
0.29981 -0.02342 79 21
-0.42212 0.08391 88 48
-0.10233 -0.26647 39 71
-0.29987 0.08025 23 47 86
0.01375 -0.37796 38
-0.09485 0.01602 25 0 71
-0.24022 -0.00120 93 83 76
-0.11817 -0.00724 77 20
-0.11907 0.06478 94 33 7 91 75
-0.20575 -0.00652 93 50
-0.29002 -0.48373 80 62
0.15026 0.14770 68 12
0.21208 -0.07283 15 42 18 21
-0.09498 -0.07313 35 0
-0.51389 -0.01834 76
