80
-0.12249 -0.08607 60 24 48 34
-0.04347 0.16668 26 14 61 71 54
-0.01845 -0.07472 78 6 51 10 72 35 24 52 9 22
-0.17642 -0.23605 15 48 57
-0.13084 -0.00689 20 7 26 60 42
-0.14356 0.05338 40 56 26
-0.10132 -0.07792 48 2 32 57 19
-0.05703 -0.11803 15 4 55 52 65 41 16
0.14534 -0.31451 43
0.00297 0.04142 20 79 39 12 18 2 41 44 70 29 17 34
0.13413 -0.08201 23 2 79
0.01776 0.11760 75 71 67 26 63 29 21
0.06427 -0.04294 64 55 38 9 25 18
0.22136 -0.05188 66 18
-0.11887 0.27044 44 1
-0.14104 -0.22480 7 3 57
0.00189 -0.15232 68 40 77 7
-0.00165 -0.04245 46 66 60 9 79 48
0.10991 -0.02265 22 13 9 75 25 12 64
-0.04511 -0.04345 25 21 6 71
-0.04299 0.08307 4 9 75 39
-0.04687 0.03619 45 40 59 41 54 46 19 11
0.08466 -0.09729 18 73 26 79 43 2
0.17617 -0.02165 10 66 39
-0.17799 -0.02609 0 76 2 28
0.02772 -0.09822 38 48 19 18 12 79
-0.00883 -0.00448 1 71 4 22 43 32 78 66 38 5 11
0.26376 0.06724 68
-0.18073 0.06152 62 58 42 24 56
0.11004 0.14693 9 11 69
0.19491 0.01851 51 79 73 69
0.14651 -0.11337 43 66 39 36
-0.04581 0.05821 55 54 40 62 6 63 26 39 74
-0.04277 -0.09766 78 66 41
-0.00091 -0.01961 51 65 75 9 0
-0.18804 -0.08996 2 40 49
0.15442 -0.04741 71 47 31
0.63700 1.00000 
0.09172 -0.06632 25 73 12 26 71
0.04214 -0.00484 41 23 20 9 31 32 40
-0.08522 -0.02453 32 16 21 60 5 35 62 39
0.00128 -0.06499 51 39 64 57 9 21 33 7 47
-0.26755 -0.00422 49 28 4
0.09029 -0.17981 31 26 22 8
-0.12928 0.17076 14 61 9 76
-0.19374 0.08576 21 76 70
0.02238 0.06406 17 62 21 68
0.05263 -0.09095 52 36 41 60
-0.08665 -0.15395 6 25 0 3 17
-0.31532 -0.07926 42 35
0.12969 0.10803 51 55
0.08233 0.03477 34 2 50 41 30 74
0.04985 -0.13189 7 47 2 68
-0.03103 0.01929 65 71 67 55
-0.09304 0.14934 32 21 1
0.01765 0.02821 32 58 12 7 50 68 66 67 53 62
-0.18660 0.14566 67 5 28
-0.13164 -0.14928 15 41 6 3 78
-0.03107 0.06707 55 71 63 28 79 60
0.11380 -0.05080 66 73 21 64
-0.06020 -0.00535 0 40 17 4 58 47 63
-0.09236 0.23761 67 44 1
-0.08726 0.06772 28 32 46 40 55
-0.02541 0.12155 32 75 58 11 60
0.11221 -0.11744 12 41 18 72 59
-0.01688 -0.11559 53 34 7
0.08950 -0.04710 23 13 59 17 33 31 26 55
-0.06369 0.13313 61 75 53 56 70 11 55
0.12185 -0.00114 16 27 69 52 55 46
0.20382 0.09941 68 30 29
-0.12804 0.08496 78 45 67 9
0.04038 0.04167 53 36 26 58 38 11 1 19
0.11876 -0.16990 2 73 64
0.18225 -0.09781 22 59 38 30 72
0.05550 0.15244 32 51
0.03417 0.09276 67 20 63 34 18 11
-0.21756 0.06482 24 45 78 44
-0.01810 -0.29947 16
-0.12806 -0.03346 2 33 70 26 76 57
0.07887 -0.00969 9 30 58 22 25 10 17
