60
0.17218 0.40383 33 29 20
-0.03584 0.55506 30
0.48099 -0.04718 20 22
0.53750 -0.40072 22
-0.27745 0.01005 34 16 27 11
-0.11603 -0.55772 25 54 43 16
-0.21552 -1.00000 54
-0.00663 -0.03494 37 38 58 9 32 46
-0.48775 0.33937 39 32
0.32899 0.05152 51 14 52 7
-0.07614 0.04768 36 46
-0.05471 0.26382 19 4 56
0.05178 0.74332 19
0.41833 -0.25178 51 53
0.30630 0.21279 57 9
0.27690 0.43360 41 19 37
-0.21311 -0.33075 4 43 5
-0.19711 -0.24031 34 43 28
0.29094 -0.24482 21 23 53
0.04428 0.50040 40 11 29 33 15 12
0.34983 0.17590 51 56 2 0 48
0.19727 -0.16255 18 59 51
0.34817 -0.24447 3 46 2 26
0.23428 -0.07628 24 18 57 26
0.29969 0.11839 23 56 37
0.02732 -0.41903 5 46
0.15867 -0.29711 35 22 43 23
-0.51987 0.11297 50 32 4
-0.31841 -0.28963 58 17
0.16986 0.60375 0 19
0.01993 0.30577 31 57 1
0.00378 0.03628 48 30 58 37 47 46
-0.30876 0.15715 8 27 36 7
-0.08672 0.33048 0 55 34 19 36
-0.16498 0.03295 59 17 4 57 33 45
-0.00554 -0.30525 26 58
-0.13667 0.19581 46 40 32 10 33 55
0.19579 0.12657 7 51 31 24 15
-0.13707 -0.33982 47 7 44
-0.47840 0.48420 8 55
-0.11791 0.44274 19 36
0.46022 0.58409 15
-0.43481 -0.29990 47
-0.02767 -0.39219 16 5 17 53 26
-0.20134 -0.62162 54 38
-0.40313 -0.02346 34 49
0.06256 -0.12088 25 36 53 22 10 31 7
-0.21053 -0.17582 42 38 31 59
0.18947 0.17733 31 20
-0.39753 -0.14754 58 45
-0.74971 0.14403 27
0.35049 -0.03683 20 9 13 37 21
0.57978 0.09112 9
0.20476 -0.32072 46 18 13 43
-0.18309 -0.79476 5 44 6
-0.28339 0.38803 33 39 36
0.20293 0.26735 20 24 11
0.09359 0.12499 14 34 30 23
-0.15584 -0.14977 49 59 31 7 28 35
-0.05492 -0.13555 34 58 21 47
