40
-0.30301 0.29682 12 15
-0.06228 0.28994 14 39 9
0.00266 0.02152 10 29 30 14 18 24 23
-1.00000 -0.96011 
0.21677 0.21253 38 39 31 19
-0.23219 0.03907 10 17 18 16
-0.03243 -0.63250 32
0.24591 0.30891 14 19 11
0.18329 0.01895 31 19 21
-0.22218 0.23161 17 12 15 1
-0.18246 -0.02761 2 5 16
0.35623 0.44589 7
-0.11949 0.23796 0 36 9 31
0.00651 -0.35897 32 21 25
0.04787 0.16287 1 2 7 30
-0.37817 0.31763 9 0
-0.21604 -0.10276 25 10 5
-0.12952 0.04193 5 25 9 36 30
-0.11742 0.16561 5 35 2
0.29638 0.18262 8 4 7
-0.03738 -0.23305 21 30
0.08281 -0.23981 25 20 28 13 8
-0.20243 -0.18509 30
0.10553 0.03482 31 33 2 34
0.07115 -0.12503 33 2
-0.04102 -0.16357 21 16 17 13 33
0.35977 -0.11872 29
0.39193 -0.03845 29
0.09720 -0.43371 21 32
0.20129 -0.01345 38 26 2 27 34 36
-0.05587 -0.05369 34 22 2 20 14 17
0.09641 0.18213 8 23 4 39 12
0.02287 -0.52773 13 28 6
0.14259 -0.09034 38 23 24 25
0.08511 -0.04947 30 29 23
-0.05632 0.35547 39 18
0.00507 0.13611 37 12 17 29
0.02462 0.31299 36 39
0.26690 0.04587 29 33 4
0.07934 0.31283 35 4 37 31 1
