90
0.02009 -0.16240 23 80 62 13
-0.15464 0.33711 3
-0.07283 0.07102 45 17 57 85 71 12
-0.11994 0.26979 1 39 86
0.93247 0.29066 
0.26242 -0.09967 26 70 20 59 78 28
-0.08217 -0.17403 57 80
0.46699 0.84810 
0.27385 0.17604 84 83
-0.15454 -0.16271 48
0.55796 -0.22872 38
-0.17595 -0.13550 48
-0.11867 0.14759 2
0.09245 -0.20657 54 31 70 62 0
-0.25776 0.00125 58
-0.82757 0.16529 75
-0.24969 -0.28636 22
0.01858 0.14708 2 88
0.02470 -0.27309 62 67 82
-0.27729 -0.26413 22
0.17820 -0.03072 5 43 24
0.14375 0.08829 83 66 37
-0.20801 -0.20432 16 19 89 27
0.01244 -0.04758 86 0 26 66 89
0.13528 0.06923 77 61 20 30
-0.21447 -0.01651 40 49
0.14314 -0.09302 5 23
-0.19800 -0.09513 33 40 58 22
0.19083 -0.01292 61 5 76
-0.01627 -0.04863 40 43
0.16249 0.20445 41 24
0.12428 -0.28900 82 13
0.08845 0.19883 83 45 50
-0.28013 -0.13389 27
0.11110 -0.92460 53
-0.78811 0.46972 
0.03198 0.08429 86 37 76
0.10157 0.07345 73 36 21 66
0.48289 -0.20373 78 10
-0.17943 0.38996 3 65 74
-0.09710 -0.03081 76 29 27 25
0.18541 0.30108 30
0.01758 -0.29173 80 82
0.08397 -0.05382 79 20 29
-0.38690 -0.00670 49
0.01989 0.11532 76 2 32
-0.22400 0.06297 85
-0.01644 0.06993 58 83
-0.09377 -0.09750 85 77 11 9 80 57
-0.29997 0.00492 58 25 44 52
0.10363 0.28750 32
-0.67065 0.80803 
-0.38465 0.03057 49
0.12045 -0.98582 34
0.12206 -0.15313 79 13
0.19126 0.04322 64 83
0.47670 -0.13271 59
-0.06025 -0.08362 62 6 2 48
-0.17621 0.00438 14 47 27 49
0.39803 -0.10879 56 5 81
-0.14264 -1.00000 
0.21734 0.05639 28 24
0.00634 -0.19181 57 18 0 13
-0.96627 -0.28746 
0.14454 -0.04373 70 76 55 79
-0.19688 0.46811 39
0.08424 0.02876 21 23 37
-0.03563 -0.29869 80 18
0.19988 -0.07200 73 70
0.17656 0.94155 
0.16731 -0.15253 82 64 5 13 68
-0.14363 0.12441 2
0.23033 0.16889 83
0.15226 0.02769 37 68 79 88
-0.23100 0.45212 39
-0.79942 0.14228 15
0.05231 0.01409 45 64 40 36 28
0.03391 -0.02452 24 48 79
0.38153 -0.16027 38 5
0.11331 -0.05989 54 43 77 73 64
-0.04406 -0.21495 42 67 0 6 48
0.47964 -0.09596 59
0.09603 -0.25634 70 31 42 18
0.14921 0.12860 32 21 47 55 72 8
0.35702 0.21283 8
-0.14549 0.01470 48 46 2
-0.04387 0.11581 36 23 3
0.19121 0.22762 88
0.12853 0.14999 87 17 73
-0.10211 -0.13786 22 23
