40
0.17968 0.31740 6 18 30 4
0.03501 -0.16264 27 39 5 28 2 16 20 30
0.58670 -0.27509 11 1 13
0.12386 0.50625 18 21 4 35 15 37
-0.17866 0.44980 3 35 34 8 28 0 25 36
0.43102 0.17061 14 1 34 33
-0.06331 -0.21488 0 9 32 20 7
0.24099 -0.29074 30 37 25 6 21 23
-0.46618 1.00000 4
-0.10754 0.28320 17 6 25 21 34
0.39311 0.03328 22 38 30 14 25 37
0.65207 0.28874 14 34 2 15 35
-0.04299 0.45976 25 21 18 33
0.30788 -0.67761 27 38 20 2
0.85084 0.16998 11 5 10
0.55612 0.73947 3 22 11
-0.34496 0.03395 20 21 1 17 37 28
-0.30582 0.51428 9 21 16 22
0.22267 0.80726 3 0 12
-0.39061 -0.51443 27 29 31 21 32
-0.19256 -0.40928 16 24 6 13 25 1
-0.22186 0.09515 3 36 16 17 12 9 37 7 19
0.21554 0.65605 10 15 17
0.70706 -0.72572 7
-0.71313 -0.38312 20 26 39 36
-0.05299 -0.03043 39 12 9 31 7 10 4 20 30
-0.73935 -0.66787 24 32 39
0.05859 -0.47496 1 19 35 13
-0.45014 0.24181 1 4 16
-0.66291 -0.82223 19 39
0.33632 -0.09970 7 10 0 25 1
-0.27832 -0.21728 32 39 37 25 35 36 19
-0.27101 -0.65383 31 38 6 26 19
-0.14791 0.12025 5 36 39 12
0.30809 0.43584 11 4 9 5 35
0.16194 0.12985 4 3 27 31 11 37 34
-0.54709 0.05292 21 31 33 24 4
0.03671 0.05822 7 31 21 10 3 16 35
0.21711 -0.59428 32 10 13
-0.44396 -0.34999 1 25 31 33 24 26 29
