100
-0.07454 0.03817 30 88 33 60 96 93 63 44 65
0.02594 0.03995 40 27 55 68
0.03778 -0.04279 58 23 15 5 95 12 81
-0.18473 0.08805 59 25 7
-0.14345 0.10959 52 42
-0.10459 0.02374 24 31 2 28
0.06397 -0.10347 61 22 12 28
-0.04875 0.05116 80 15 3 89 24 13
0.34061 0.20369 48
-0.02981 0.03475 14 85
-0.08352 -0.11662 40 46 95 97
-0.15929 -0.31342 56 90
0.05498 -0.15723 2 16 6 91
-0.03781 -0.02500 16 73 25 54 7
-0.03846 0.16149 26 9 76 68 88
0.07566 0.12410 41 7 2 72 21
0.03924 -0.01247 13 85 12 67 60
-0.29653 0.04470 52 31
-0.18290 -0.04423 32 39 89 54
0.00407 -0.02359 55 96 40
0.03084 0.05844 68 82 40 92 39
-0.02227 0.26749 38 15
-0.01223 -0.20019 6 43 55 70 81
0.16378 -0.04228 2 99 36 71 87 78
-0.15621 0.08376 5 7 33 89
-0.13388 0.05880 79 3 13 51 62
-0.05346 0.22771 14 62
0.05971 0.12551 88 1 86 82 94 42 67
-0.00290 -0.06974 56 88 45 96 6 5
-0.03478 -0.18606 73 97 95
0.06045 0.07565 83 0 67 96
-0.22084 0.13616 5 17 38 33
-0.26457 -0.16314 18 90
-0.20372 0.06279 79 0 24 31
-0.19017 -0.15977 49 52 97
-0.08057 -0.16057 79 74 60
0.12987 0.06112 94 65 23 96 87 41 58
-0.15116 -0.05577 93 54 58
-0.15828 0.27218 21 31
-0.05555 -0.03763 60 18 99 20 54
-0.06736 0.06489 1 10 20 88 75 51 76 19
0.12584 0.14868 15 36 42 92
0.00262 0.19114 41 27 4
0.00757 -0.24922 95 22
-0.18720 0.00141 54 0
0.10521 -0.13857 64 99 28
0.00239 -0.23016 55 10 91 56 77 74
-0.21424 0.18835 89
0.23160 0.12466 92 8 61
-0.05762 -0.13831 34 64 52 90 82 80 73
1.00000 0.92406 
-0.15832 0.14918 25 76 40
-0.19943 -0.05575 17 49 34 59 4 70
0.17953 -0.18470 80
-0.11212 -0.04573 37 44 13 18 39 58 95
0.03212 -0.11905 46 1 19 74 22 83
-0.06990 -0.21614 46 28 60 11
-0.11239 -0.23786 97 60
-0.03535 0.01628 2 59 89 79 37 86 71 36 54
-0.19088 0.02407 58 3 52
-0.03940 -0.10503 39 83 56 35 0 16 57
0.08949 0.04965 89 6 96 48
-0.04131 0.09001 65 26 95 25
-0.12760 0.19411 0
0.06794 -0.20165 81 49 45 73
0.05652 0.09406 62 36 92 0
0.20089 -0.06573 92 73
0.08989 0.16702 98 30 94 16 27
0.03371 0.15452 20 14 1
0.28748 -0.11965 87 78
-0.16269 -0.18447 52 22
0.14092 -0.00404 23 87 58
0.21867 0.08469 83 15 84
0.07639 -0.11355 77 13 29 92 66 49 64 82
0.04920 -0.21004 78 55 35 46
-0.06929 0.16197 40 88
-0.11352 0.17948 14 51 40
0.09865 -0.25361 73 46
0.17309 -0.14234 74 69 23 85
-0.14229 -0.02460 25 35 33 58
0.04251 -0.09711 7 95 53 49
0.07792 -0.18000 64 2 22
0.05050 -0.01724 96 20 27 49 73
0.10485 -0.02267 60 30 99 72 55
0.35050 0.12229 72
0.06793 -0.07049 16 78 9
-0.00146 0.14535 27 58
0.23466 -0.02179 69 23 36 71
-0.00571 0.06834 27 0 28 40 14 99 75
-0.10038 0.07943 61 58 47 18 7 24
-0.18484 -0.23353 49 32 11 97
0.04881 -0.29795 46 12
0.14246 0.03653 48 65 96 73 66 20 41
-0.16824 -0.09345 97 37 0
0.15376 0.17410 36 67 27
-0.02669 -0.09543 43 10 80 2 62 29 54
0.05731 0.02269 82 36 61 92 28 19 0 30
-0.14148 -0.19544 93 57 10 90 34 29
0.09086 0.31147 67
0.07598 -0.03820 23 83 45 39 88
