70
0.05692 -0.25089 7 41 35 17
-0.06607 -0.09619 64 11 30
0.22490 -0.21425 31 7
0.07284 0.18715 39 60
-0.10689 0.15168 38
0.13838 -0.08549 31 29 65 10
0.30276 -0.08315 25 68 12 26
0.16365 -0.17195 0 34 2 65
-0.35382 0.13594 69
-0.16386 0.10056 66 38
0.09096 -0.16977 15 41 35 26 5 50
-0.08802 -0.03720 60 58 22 1
0.28316 -0.13879 65 6
0.06938 0.07152 64
0.10858 0.20998 39 60 51
0.10518 -0.10406 31 23 10 63 53 26 32 28
0.02439 0.12830 39 67 48
-0.03178 -0.28959 0 30
-0.18329 0.27353 47
0.02636 -0.07777 20 67 65 31 46
0.09560 -0.13800 19 56 28
-0.30128 0.12712 69 27
-0.11218 -0.15656 30 54 50 11
0.03742 -0.00151 15 64 45 38 39
1.00000 0.39956 
0.41293 -0.09464 6
0.14582 -0.06751 50 48 15 42 10 6
-0.22309 0.09087 40 47 43 49 21
0.07219 -0.06310 20 15 64
0.10585 0.02501 36 38 5 42
-0.07545 -0.18623 22 37 53 17 1
0.15565 -0.13868 15 2 5 32 19
0.22007 -0.09701 68 65 15 31
-0.29935 -0.16124 54 58
0.14523 -0.02055 42 7 60
0.10678 -0.28557 10 0
0.23744 0.03623 29 68
-0.11573 -0.07238 30 44 38 40
-0.07934 0.05451 4 37 29 69 9 23
0.07481 0.13582 14 3 16 23
-0.12214 -0.01501 41 27 66 37 64
-0.02110 -0.15988 40 0 10 55
0.18369 0.01113 34 26 29
-0.30298 0.17416 27
-0.13076 -0.05595 37
0.06057 -0.13357 23 65 55
-0.15208 -0.09828 49 19 52
-0.14354 0.16994 18 67 27
0.05536 0.03990 67 26 16 64 60
-0.23911 -0.01958 58 27 46
0.02452 -0.14419 26 22 53 10 63
0.15160 0.30737 14
-0.24418 -0.16347 54 46
0.01833 -0.18941 30 15 50
-0.23110 -0.20106 33 22 52
0.00456 -0.22765 41 45
0.11463 -0.20524 63 20
0.08680 0.88432 59
-0.22746 -0.08275 49 11 33
0.11852 0.91384 57
0.04905 0.08473 11 14 34 3 48
-0.52309 0.86809 
-0.85332 -0.63347 
0.05716 -0.11297 56 15 64 50
-0.00195 -0.01320 67 1 40 28 48 23 63 13
0.16406 -0.11877 32 12 19 5 7 45
-0.20373 0.05561 9 69 40
-0.02633 0.06640 48 47 19 64 16
0.29825 -0.03074 32 6 36
-0.24130 0.10402 66 38 21 8
