40
-0.86495 -0.35365 
0.01375 0.06748 36 13 4 31 25
0.29077 0.01918 39 21 32
0.01193 -0.12493 18 31 24 30
0.13923 0.12425 20 8 1 39 29 32
0.06598 -0.07508 19 10 28 31 25 30
0.31085 0.07251 20 21 39
0.30992 -0.01535 21 39 37 20
0.09679 0.23979 15 4
-0.07473 0.04191 13 12 29 36 30 10
-0.01523 -0.05493 5 22 24 30 28 38 9
-0.81084 -0.61455 
-0.12957 -0.07581 9 30
-0.06939 0.12891 9 26 1 33 17 31
0.07968 0.13739 31 33 15 39
0.02002 0.13591 8 31 14 30
-0.02556 0.09679 30 38 29
-0.19654 0.14571 22 13
0.08526 -0.22396 3 28
0.17330 -0.13262 5 32
0.22158 0.10902 6 35 4 26 7
0.23874 -0.02543 6 25 28 2 7 32
-0.14391 0.04278 31 17 10
0.25752 -0.09600 28 39
-0.02373 -0.12885 36 10 3 34 28
0.10983 -0.01541 21 30 32 5 1
0.05938 0.04809 13 20 32 34 30
-1.00000 0.16392 
0.14139 -0.10539 37 21 5 23 18 39 10 24
0.04141 0.17408 9 4 35 16
-0.00571 -0.00797 16 25 10 12 38 3 15 9 26 5
-0.01645 0.03346 22 14 3 5 13 1 15
0.16639 0.00186 38 26 25 4 21 2 19
-0.02417 0.23962 13 14
-0.07204 -0.06674 24 26
0.17629 0.23036 20 29
-0.09783 -0.02599 1 24 9
0.29495 -0.13814 28 7
0.04745 -0.00037 32 30 10 16
0.21822 0.02819 2 4 7 23 28 6 14
