60
-0.00845 -0.07128 2 43 7 44
0.14809 -0.31337 51 27
0.00231 -0.25366 0 17 27
-0.01260 0.37398 59
-0.24978 -0.18567 56
0.07207 0.11986 29 54 14 39 55
-0.00578 0.18643 36 45 52
0.01100 -0.09679 0 25 29
0.20563 0.10285 34 23 25 13 31
0.13119 0.00131 26 24 19 16 55
0.20144 -0.05486 31 18 26
-0.70008 -0.93482 
-0.97658 0.40662 
0.31427 0.12240 19 8
0.00505 0.13591 5 36 37 59
0.22927 -0.09096 44 18
0.07060 0.06501 55 44 9 42
-0.06750 -0.33502 2 35 30
0.26015 -0.03506 10 15 50
0.23662 0.08864 28 13 31 39 9
0.18889 0.14985 54 38
0.11012 0.22399 42 34
-0.16122 -0.21772 49 33
0.16243 0.23962 54 8 40 45
0.09465 -0.12434 29 9 51 47
0.08435 -0.03381 51 8 7 29 52
0.05235 -0.10048 35 9 37 44 33 10
0.07586 -0.34967 2 1
0.21523 0.01249 19 44 50
-0.01352 -0.02486 5 24 38 56 7 58 25 53
-0.09069 -0.44494 17
0.26725 0.05916 10 19 34 8
-0.10622 0.19381 43 42
-0.05200 -0.19417 26 22
0.21533 0.16324 8 31 21 55
-0.07813 -0.20646 26 17 49
0.02576 0.08138 14 6 44 37
0.02051 0.01662 41 26 14 36 50 52
0.10067 0.07161 29 55 20
0.16908 0.19931 19 5 40
0.11803 0.29342 23 59 39
-0.09525 -0.04530 56 37
-0.02044 0.14756 53 21 16 32
-0.06146 0.11096 0 32 59
0.10892 -0.02769 28 26 16 36 15 0
0.06341 0.28590 6 23
-0.05851 0.35512 59
0.12749 -0.24102 24
-0.30461 -0.15036 49
-0.18384 -0.12677 22 48 58 35 53
0.16091 0.05012 54 28 55 18 37
0.13123 -0.18601 25 1 24
-0.00440 0.06554 6 25 37
-0.11365 0.01286 42 49 29
0.15445 0.15943 23 5 50 20
0.11299 0.12739 16 59 38 50 9 34 5
-0.14555 -0.10913 41 4 29
-1.00000 0.14656 
-0.14591 -0.06173 49 29
0.00859 0.24698 55 46 43 14 40 3
