30
-0.17890 -0.13956 15 17 13
0.00136 -0.13863 7 3 11 24
0.63928 -0.77703 
-0.01325 -0.07024 21 10 1 27
0.19812 0.02227 19 23 27 25
-0.21929 0.36566 16 20 18
0.03703 0.30617 19 14 20
-0.08958 -0.04069 28 1 10 21
1.00000 0.20816 
0.02087 -0.32735 11 22
-0.08450 0.02813 7 24 3 27 12 29
0.09775 -0.20625 15 9 23 1 25
-0.21822 0.08891 29 10
-0.20314 -0.17169 22 21 17 0
-0.04341 0.32217 26 6
-0.04960 -0.24343 22 0 11
-0.23331 0.30495 5 20 29
-0.20177 0.01190 0 29 26 13
-0.19904 0.24206 26 29 5 28
0.16501 0.19485 6 4
-0.13033 0.31360 29 5 16 6
-0.10745 -0.17020 3 13 22 7
-0.10974 -0.28313 15 13 21 9
0.16742 -0.08359 27 4 11
-0.09204 -0.10002 10 1
0.22490 -0.12184 4 11
-0.13344 0.19680 17 14 18
0.07978 -0.00987 23 4 10 3
-0.13638 0.11035 7 18
-0.18813 0.16753 20 12 17 18 16 10
