50
-0.10643 -0.09607 27 38 33 22
0.21629 -0.18609 34 44 30
0.05127 0.10059 36
-0.21689 -0.04086 38 9
-0.82277 0.60166 
0.05120 0.13901 23 31 26
0.20176 -0.24737 11 44
-0.17458 0.23997 31
-0.25366 0.05259 48 14 43
-0.19719 -0.12174 42 25 22 3
-0.13569 0.33374 16 32
0.10362 -0.30031 6 27 35
0.06861 -0.57571 24 35
0.09808 -0.06432 36 40 27 44 26 39
-0.11142 0.00916 17 43 8 46 47
0.08707 0.12140 46 40 21
-0.12086 0.18927 10 46 38
-0.03238 0.01248 14 40
1.00000 0.02577 
0.02619 -0.22129 42
0.36785 0.88229 
0.16149 0.20437 15
-0.19561 -0.16553 9 0
0.07979 0.24387 5
0.05166 -0.66561 12
-0.25942 -0.03505 9 43
0.16563 -0.00339 49 44 37 5 13
0.04064 -0.13360 0 11 13 40
-0.19356 0.88545 
-0.88574 -0.49102 
0.16880 -0.21733 37 45 1
-0.10471 0.15592 5 43 7
-0.14611 0.43476 10
-0.10101 -0.16181 47 0
0.12004 -0.16635 1 37 47
0.08941 -0.45326 12 11
0.05589 0.04575 13 46 2
0.17689 -0.12386 34 26 30
-0.15369 0.03976 3 0 16
0.01561 -0.15264 47 13 42
0.05653 -0.00596 15 13 17 27
0.89251 0.31200 
-0.07491 -0.19230 9 19 39
-0.19596 0.06260 14 8 31 25
0.20064 -0.11773 26 1 13 6
0.07159 -0.22980 47 30
-0.03198 0.10726 15 16 36 14
-0.01340 -0.13231 45 39 33 34 14
-0.36117 0.07320 8
0.27009 0.02842 26
