40
0.53706 0.28823 12 3
0.32231 -0.33880 31 33 35
0.34982 -0.20678 3 27
0.24690 0.16946 6 2 32 0 17 33
-0.06995 -0.37161 15 27
-0.29242 0.21393 15 34 32
-0.07766 0.15286 3 28 10
-0.12475 0.76189 24 17
0.13832 0.29363 16 17 32 14
0.11087 -0.18676 11 10 35 26 39
-0.04605 -0.07169 14 9 33 37 18 35 25 6
0.05142 -0.07050 23 9 16 32 38
0.48783 0.15926 0 16
0.14773 0.38728 17 33
0.00355 0.09514 10 33 23 8 21
-0.20609 0.01890 5 29 16 20 4
0.15213 0.06471 33 11 8 30 15 12 19
0.02875 0.40765 8 13 3 7 39 37
-0.20469 -0.30483 36 29 10 22 30 23
0.10266 0.16688 39 21 16
-0.37144 0.32840 15
-0.10180 0.01155 33 38 34 19 39 28 14
-0.13144 -0.31942 39 36 18 25
-0.18650 -0.10815 11 14 28 25 18
-0.24707 1.00000 7
-0.25067 -0.23957 30 22 23 10
0.07937 -0.40459 9 30 38
0.20419 -0.48716 2 4
-0.30362 0.02820 6 29 23 21
-0.33933 -0.13131 28 18 15 34 30
-0.06198 -0.21576 25 35 16 18 26 29
0.25437 -0.61282 36 1
0.00947 0.20941 3 11 8 39 5
0.17971 0.01734 21 16 14 10 1 3 13
-0.41281 0.06247 21 29 5
0.15601 -0.27799 30 1 9 10
-0.02504 -0.52138 31 18 22 38
-0.11780 0.28866 10 17
0.00442 -0.28957 21 11 36 26
0.00424 0.03283 32 19 22 17 21 9
