90
0.05177 0.11296 60 75 22
-0.18547 0.12446 78 33
-0.23320 0.06852 66 45
-0.01498 0.23959 40 72
-0.02691 -0.23627 11 54 25
0.03733 -0.01368 7 81
0.15675 0.19668 7
0.06213 0.13686 6 17 5 72 27 80
0.20905 -0.36718 26 12
0.00391 0.11376 82 86 36 65 10 13
0.00684 -0.03534 63 46 57 89 9
0.01511 -0.22386 81 4 64
0.25244 -0.44361 8
0.03943 0.14767 35 84 74 9
0.07727 -0.11511 49 37 87 31
-0.13417 0.03563 78 88 75
0.09000 0.03243 30 77 63
0.03420 0.09537 80 57 7 65
0.33747 -0.30305 71
0.77095 0.68544 
0.23379 0.05507 68
0.01280 -0.15667 39 54 64 46 31
0.03561 0.01034 82 52 59 0 87
-0.02585 -0.04644 67 49 32 78 37
0.06608 -0.23171 25 26
-0.01585 -0.12874 35 24 51 52 4
0.14875 -0.25894 8 24 46 71
-0.02740 0.11590 83 7
0.55959 0.83775 
-0.06185 0.16778 42 84
-0.01518 0.04360 16 31 80 78 76
0.04230 -0.06830 30 63 21 14
0.10672 -0.08030 23 62 61
-0.14310 0.17121 82 1
-0.20329 0.02475 40 41 69 66
0.02389 0.02049 25 13 73 68
-0.02214 0.22294 9
-0.01838 -0.09077 43 14 23
-0.04515 0.29749 85 80
-0.05951 -0.07433 21 84 89 67 50 69
-0.09852 0.13795 34 3 65
-0.30885 0.04346 34
-0.10607 0.16454 29 76 82
-0.08874 -0.01859 37 73 78
-0.21753 -1.00000 
-0.16560 0.14927 80 2
0.03470 -0.15011 88 26 10 21
-0.24609 -0.17398 69
0.16817 0.03204 77 60 87
0.03730 -0.09208 14 57 23
0.02170 -0.11471 62 54 59 39
-0.09383 -0.08185 66 25 57
-0.07252 -0.04964 22 25 66
-0.25278 -0.11025 56 66
-0.00219 -0.20893 21 50 4
-0.90259 0.34735 
-0.18478 -0.13979 53 89 69
0.01669 -0.02037 17 89 49 68 77 59 51 10
0.22912 -0.17083 71 87
0.06551 -0.05428 64 86 22 50 57
0.15783 0.11549 0 48
0.20828 -0.11500 32
0.06410 -0.01576 87 50 65 32 84
0.09691 -0.03194 10 31 16
0.09039 -0.17115 59 87 21 70 11
0.00391 0.09184 62 40 9 17
-0.18877 -0.03715 51 2 53 34 52
-0.13647 -0.02371 23 39 79 76
0.12338 0.02928 57 20 35 77
-0.16267 -0.10268 56 34 39 47 81
0.12338 -0.27130 64
0.25742 -0.26126 58 18 26
0.06853 0.23247 7 3
-0.05995 0.03823 35 43 82 83
0.08216 0.25724 13
-0.07019 0.11136 15 0 76
-0.09803 0.08835 80 42 30 67 75
0.07682 0.05550 48 16 82 57 68
-0.09963 0.04855 15 1 30 82 43 23
-0.24666 -0.04564 67
-0.03389 0.15132 17 76 45 30 86 38 7
-0.04752 -0.13625 11 5 69
-0.04494 0.09631 33 22 78 77 9 73 42
-0.09059 0.03247 88 27 73
-0.01293 0.05970 39 29 13 62
-0.04938 0.39567 38
0.03739 0.06797 9 59 80
0.13622 -0.07527 62 58 64 14 48 22
-0.08460 -0.05830 46 83 15
-0.07537 -0.09792 57 56 39 10
