80
0.02672 0.06988 32 47 43
-0.14830 0.14753 41 3 8
-0.03070 -0.04505 35 74 16 34 77 28 57
-0.09309 0.15664 69 41 4 1
-0.17210 0.08915 77 5 3 75 70
-0.12613 0.08413 64 29 4 12
0.02632 -0.13217 10 40 38 26 34
-0.25127 0.03929 8 75 72
-0.14590 0.05723 11 7 61 1 77
0.07843 0.10817 56 30 69 15 20
0.06663 -0.07323 6 28 55 30 48
-0.05294 -0.00558 12 35 34 8 49 40 47
-0.13504 0.04169 11 74 5
0.89885 0.47446 
0.09321 -0.14040 49 28 33 66 58
0.11539 0.07021 63 21 9 56 19 34
-0.04709 -0.10318 38 2 73 46 35 34
-0.14186 -0.09973 22 67 45
0.18154 0.07761 39
0.21111 0.06635 54 15
0.03386 -0.00440 71 77 28 9
0.05449 0.02564 34 15 67 39 23
-0.10392 -0.13050 64 17 48 66 60 35
0.07439 -0.02825 49 79 45 21 30 43
-0.04334 -0.06815 40 51 63 47 66 72 52
0.10756 0.04591 49 54 69
-0.02714 -0.21480 73 53 6
-0.00542 0.08194 30 40 41 57 29 69 52
0.05583 -0.11108 55 10 14 20 66 2
-0.00880 0.13766 5 27 69 56 30
0.03362 0.04444 27 32 41 58 63 10 9 23 39 29
-0.15395 0.01713 74 70 67 77
-0.05675 0.07626 0 30 74 68 48 62 59 41
0.07691 -0.09323 43 14 50 71 54
0.03808 -0.03316 11 21 49 2 43 15 76 16 6
-0.12731 -0.06393 11 2 46 75 16 22
-0.17455 0.04448 41 59 44
0.05757 -0.03683 47 58 77
-0.03572 -0.15101 16 53 6 49 46
0.05788 0.05796 44 18 21 30
0.00114 -0.02059 76 27 24 11 6 61
-0.08322 0.07660 30 45 27 36 74 3 68 32 1
-0.01924 -0.08173 45 61 47 73 49
0.08272 0.00602 33 52 34 0 23
-0.09864 -0.01298 68 60 72 39 59 50 36
-0.06837 -0.03848 41 42 59 23 17
-0.08550 -0.08579 35 77 71 61 16 38
0.00665 -0.03451 37 42 24 71 0 11
-0.02609 -0.05726 74 63 57 51 32 22 60 10
0.04019 -0.06807 14 23 11 34 25 38 42
-0.05237 -0.11794 67 33 44 53
-0.04023 -0.16753 24 48
-0.01789 0.01854 43 67 74 27 24
-0.10532 -0.17538 64 26 38 50
0.15566 -0.02015 63 19 25 33 55
0.12026 -0.10948 28 79 10 73 54
0.08880 0.16410 9 29 15
0.00968 0.01346 48 27 76 77 2
0.12259 -0.05194 30 37 14
-0.13843 0.00414 64 45 32 36 44
-0.09091 -0.10916 71 48 44 22
-0.08522 -0.02476 42 8 40 46
-0.08032 0.23278 32 65
0.06504 -0.00577 15 48 30 54 24
-0.14961 -0.05605 5 74 53 22 59
-0.09352 0.33538 62
0.00336 -0.16367 28 14 22 24
-0.06387 -0.02742 71 74 52 50 68 31 21 17
-0.10405 0.04986 32 44 67 41
0.02586 0.14216 3 29 9 25 27
-0.23272 0.05795 31 72 4
-0.00887 -0.09107 20 67 60 46 33 47
-0.18287 -0.01415 44 7 70 24
0.00006 -0.12921 26 16 42 74 55
-0.07983 -0.00847 48 64 31 2 32 67 41 12 52 73
-0.23002 0.00688 35 4 7
0.10506 -0.02570 40 79 57 34
-0.06622 0.01632 46 20 4 2 57 31 37 8
1.00000 0.16489 
0.16918 -0.07090 55 23 76
