40
-0.31020 0.09466 1 14
-0.20767 0.06047 7 11 0 12 24
0.07301 -0.17154 18 38 21 37
-0.11241 -0.10929 4 12 21 29
-0.13241 -0.02058 15 3 21 27 14 24
0.11670 -0.10402 38 6 12 34 27 19 33 18
0.20879 -0.08735 5 22 25
-0.18881 -0.05953 1 21 31
0.24514 -0.00963 22 13 26
-0.02268 0.13136 20 21 19 30
0.02913 0.05493 30 21 18 35 13
-0.15573 0.20510 1 36 30 14
-0.06104 -0.01924 14 21 1 35 5 3 27 24
0.14842 -0.00075 19 8 21 10
-0.13949 0.06257 12 15 22 4 11 0
-0.11375 0.14692 4 14 23
-1.00000 -0.80076 
0.28420 0.28660 39 32
0.02198 -0.10819 10 2 24 5 29
0.09168 0.07195 33 37 23 13 24 39 9 5
0.03775 0.15969 36 30 9 25 39 21
-0.01731 -0.01693 10 12 7 9 4 2 3 31 13 20 22
0.08829 -0.05775 8 14 6 34 21 27 26
0.07076 0.19723 19 32 35 25 15
-0.06297 0.02162 37 1 19 18 4 12
0.10049 0.03581 26 23 20 31 6
0.13947 0.08374 8 25 32 29 22 30
-0.02562 -0.14862 31 4 5 12 37 28 22
-0.09159 -0.32903 27
0.02335 -0.06604 31 37 3 26 18
-0.01232 0.19367 20 10 11 9 26
-0.05524 -0.08557 29 27 7 21 25
0.18211 0.23570 23 17 26 35
0.20169 0.06159 19 35 39 5
0.19377 -0.19819 38 5 22
0.07403 0.13484 37 23 12 10 36 33 32
-0.03492 0.27100 20 11 35
0.06702 -0.00758 19 29 35 39 24 2 27
0.16313 -0.26176 5 2 34
0.18324 0.15289 17 37 19 20 33
