40
-0.18808 -0.20995 11
-0.24417 0.10275 37
-0.04098 -0.29635 36 21 6
-0.05335 0.01579 17 34 27
-0.28100 0.33670 23 12
-0.18365 -0.34357 15 38
-0.07799 -0.43259 2 15 31
0.22354 0.19934 20 35 13 16
-0.62976 -0.73523 
-0.04595 0.35394 18
-0.67638 0.78208 
-0.08687 -0.14411 0 36 22
-0.35176 0.40952 4
0.12641 0.10324 17 26 7 16
0.09995 -0.24568 36
-0.16303 -0.46566 24 5 6
0.10230 0.15739 27 26 7 13
0.02998 -0.01091 13 3 30 36 22 26
-0.05136 0.25082 9 23 26
0.38873 0.36746 35
0.31753 0.21694 7
-0.08452 -0.19052 2 25 30 38
-0.07612 -0.02656 37 11 17
-0.17880 0.24083 37 18 4 29
-0.16809 -0.56691 15
-0.15698 -0.08974 34 21 38 37
0.05203 0.13955 32 13 16 18 17
-0.02761 0.10526 37 16 3
0.80736 0.10297 39
-0.21434 0.32932 23
-0.00109 -0.11367 17 21
-0.07308 -0.52776 6
0.14637 0.17647 26
1.00000 -0.03824 
-0.13663 -0.07094 25 3 38
0.31831 0.29730 19 7
0.01706 -0.17608 2 11 14 17
-0.14597 0.07429 27 1 23 25 22
-0.15969 -0.19458 25 21 5 34
0.86769 0.11708 28
