70
-0.02258 -0.03558 10 26 34 12 3 18 21 1
0.09193 -0.05566 32 35 25 9 0
-0.11732 0.15066 50 43 53 52 4
-0.06308 -0.08514 40 42 12 66 32 0 60
-0.12689 0.07698 43 38 16 33 58 53 2 34 10
0.02445 0.03845 18 51 46 38 66 30 45
0.19117 -0.07249 31 67 68 41 9 64 12 55
-0.08269 0.22926 50 62 43 26
0.38286 0.06888 35
0.03707 -0.08303 10 22 11 63 6 1 29
-0.08903 -0.03250 9 66 52 0 54 4
-0.10724 -0.05340 16 48 58 37 56 9
0.04591 0.02265 33 64 3 14 49 57 56 52 0 6 17
-0.15170 -0.22954 65 54
0.10843 0.09596 39 12 25 68
0.25136 -0.02065 67 51 41 49
-0.22019 -0.02809 60 11 4
0.18436 0.08046 29 69 12
0.08939 -0.10218 68 67 22 5 23 0
-1.00000 -0.81078 
0.06544 0.16053 24 48 69 39
0.00007 -0.09994 27 59 61 25 0 22
0.07510 -0.15825 18 9 47 21 55
0.10818 -0.19871 18 47
0.10938 0.16365 20 30 45 29
0.06987 0.02766 30 66 1 21 36 14
-0.07679 0.08104 34 0 61 7 58
0.15246 -0.08105 45 21 51 31 47
0.07077 0.10813 48 50 38 45 64
0.09293 0.02005 17 49 61 9 47 24
0.02266 0.12563 36 25 24 46 5 45
0.26209 -0.15376 6 27
-0.03683 -0.11243 1 40 3 66 65 58
-0.07471 0.12712 52 12 4
-0.13839 0.01741 26 42 0 4 63
0.22962 0.03458 36 69 1 8 55
0.13379 0.13487 50 35 30 25
-0.24445 0.02407 11 46
-0.01886 0.08148 28 4 56 5
-0.02123 0.14146 14 20 40
-0.11147 -0.00570 61 3 32 39
0.32901 -0.08723 15 6
-0.08554 -0.05883 48 3 47 34
-0.17205 0.21340 4 2 7
-0.30741 0.17021 46
0.08048 0.06469 27 28 63 24 30 5
-0.15650 0.11434 44 30 37 5
0.04811 -0.05663 50 42 54 23 63 68 29 22 27
-0.00166 0.00500 42 28 11 20 66 54 67
0.10721 0.05692 12 29 53 50 15
0.00850 0.14101 47 28 36 7 2 49 63 62
0.19633 -0.01381 27 15 5
-0.09833 0.04851 33 10 54 12 2
-0.07017 0.03672 65 49 2 4
-0.08933 -0.09934 60 61 13 52 47 48 10
0.13363 -0.08756 58 35 6 56 22
0.01920 -0.04710 11 38 12 55
-0.08703 0.01772 63 61 12
0.02143 -0.00192 55 11 69 4 67 26 32
-0.18150 -0.06343 21
-0.14753 -0.08476 16 54 63 65 61 3
-0.05889 -0.03081 40 54 57 29 21 60 26
-0.02923 0.29361 7 50
-0.03603 0.00919 57 60 47 9 45 50 34
0.17275 0.03199 12 68 6 28
-0.13774 -0.13867 53 13 60 32
-0.01262 -0.06147 10 3 25 32 48 5
0.13579 -0.04654 18 15 6 58 48
0.16270 -0.02432 18 6 64 47 14
0.16060 0.10702 35 58 20 17
