60
-0.34235 0.00923 57 34 44 25
0.23977 -0.29761 58 17
0.36772 -0.19581 46 58
0.00979 0.12696 40 16 33
0.46092 -0.41713 42 45 58
0.24439 0.05789 46 47 7 24 36
-0.09095 -0.11969 11 10 14
0.10700 0.09388 12 5 33 8
0.09181 -0.00439 13 59 7
-0.12815 0.00640 29 25
-0.10343 -0.01004 56 6 55 40 59
-0.06592 -0.22453 6 54 50
-0.03365 0.15961 7 49 16 43
0.11457 -0.13278 17 8
-0.04751 -0.04290 6 43 51
-0.08271 -0.34089 50
-0.06189 0.22346 30 3 12
0.10124 -0.24349 54 13 31 1 29
1.00000 0.00747 
-0.05302 0.11829 59
-0.45637 -0.16690 57
0.13249 -0.45979 31
-0.32210 0.07767 56
-0.11937 0.33307 49
0.17209 0.15384 59 37 28 5
-0.22829 0.12605 41 38 9 49 0
-0.69129 -0.67555 
-0.85138 0.33667 
0.20621 0.24216 24
-0.01581 -0.12225 50 9 51 40 17
-0.15743 0.27788 38 16
0.12043 -0.36802 21 17
0.10562 0.86078 
0.12248 0.13641 3 7 36
-0.42372 -0.01923 0
0.31400 0.14606 36
0.22285 0.10204 33 53 5 35
0.26462 0.24399 24 39
-0.23478 0.23245 30 25 41
0.32845 0.29969 37
-0.03959 -0.00515 3 55 10 29
-0.27678 0.20828 25 38
0.50071 -0.49367 4
-0.09946 0.06609 56 59 14 52 12
-0.32621 0.03717 56 0
0.53750 -0.45772 4
0.32620 -0.06771 2 5
0.34251 0.06482 5
-0.69101 0.73362 
-0.13679 0.22225 12 25 23
-0.04902 -0.24881 29 15 11
0.05338 -0.05622 29 14 53
-0.18030 0.09211 43
0.15952 0.01163 36 51
0.01664 -0.27754 17 11
-0.11131 -0.05532 10 40
-0.22195 0.03803 43 10 44 22
-0.40296 -0.09519 0 20
0.36739 -0.31802 1 2 4
0.01519 0.07040 24 43 8 19 10
