80
0.11043 -0.17775 76 11
0.03089 -0.41522 40
0.24830 0.13524 9
-0.13210 -0.05872 17 37
0.17534 0.10774 76 66 44
0.02214 0.18376 70 66 69 56 8
0.18833 0.06843 43 41 13 36
0.01670 0.02661 21 48 36
-0.02358 0.01788 24 45 53 5
0.12806 0.06488 51 45 64 32 55 2 27 79 58
0.00752 -0.01973 53 12 27
-0.02286 -0.23762 50 0
0.06287 -0.02447 29 10 79 68 43 72
0.23561 -0.01271 6 48
0.16182 0.21286 55 66
0.30829 -0.04101 51 20
0.46521 0.07383 20
-0.00893 0.02432 3 43 27 31 26 58
-0.29733 0.06621 59 75 63
-0.78632 -0.27895 77
0.35621 0.06458 32 15 16
-0.12502 -0.02232 75 46 49 7
-0.22860 -0.10901 50 35 37 33
0.19772 0.34068 56
-0.03771 -0.07552 8 45
0.08474 -0.23737 54 51
-0.06563 -0.08188 53 17 46
0.05050 0.06608 17 10 58 9 38
0.09787 -0.09655 74 51 45 53
0.02245 0.09297 12 33 44 36 69 72 64 57
-0.10209 -0.12764 47 37
0.11542 0.03441 17 76
0.22404 0.13470 9 20 36 56
-0.15001 0.03112 29 59 22
0.12927 -0.09318 45 72
-0.33135 -0.14884 22
0.11341 0.12729 32 29 56 42 6 7
-0.19123 -0.13931 3 22 30 65 75
0.12722 0.02041 73 48 27 74
-0.06154 0.12556 73 66 59
-0.01331 -0.31274 1 46
0.14834 0.10899 42 6 72
0.07656 0.17831 41 36
0.07740 0.04659 47 17 6 12 66
0.12215 0.17414 29 4
0.04368 -0.06707 9 34 46 8 62 73 28 24
-0.05055 -0.15643 45 40 21 26
0.02175 -0.05447 43 30 48 57
0.12250 -0.03535 47 38 7 13
-0.17065 0.09430 71 21
-0.15421 -0.21170 22 11
0.16887 -0.09043 9 15 79 28 25
0.05292 0.27057 58
-0.00321 -0.08284 10 26 8 28
-0.04180 -0.30146 65 25
0.12752 0.13030 14 9 67 74
0.14832 0.23219 5 36 23 32
0.08035 0.00893 76 47 29
0.04466 0.13749 52 27 9 17
-0.21425 0.10976 18 33 63 39
-1.00000 -0.17273 
0.16733 0.02350 73 72 76
0.04796 -0.18771 45
-0.31466 0.13104 59 18
0.05599 0.18831 70 9 29
-0.15201 -0.26441 54 37
0.07622 0.15183 5 39 4 14 43
-0.00020 0.15170 73 55 71
0.10313 -0.14392 12
-0.04826 0.19351 71 5 29
0.01402 0.27682 5 64
-0.11302 0.17874 69 49 67
0.11022 0.01449 34 29 61 12 41
0.04518 0.05184 67 38 39 61 45
0.14960 -0.00225 28 79 55 38
-0.24308 -0.03234 21 18 37
0.16528 -0.03033 57 4 0 31 61
-0.82595 -0.26508 19
-0.03156 -0.03128 79
0.09070 -0.03261 78 51 12 74 9
