70
0.16106 0.20041 22 9
0.21305 0.07363 12 13 64
-0.08799 0.02420 10 64 31 37 69
-0.92179 -0.20522 
0.36525 -0.21127 38
-0.07372 0.19813 63 53 45 40
0.03320 -0.23599 8
-0.09490 -0.02461 51 27 8 53
0.02193 -0.14381 41 6 29 14 7 55
0.09269 0.13013 59 0
-0.22880 0.07752 2 67
0.00424 0.11329 31 32 28 19
0.20473 -0.00215 1 54 15 64
0.30413 0.10880 1
0.13095 -0.15342 26 38 8 31 60
0.28270 -0.08950 12 38
-0.05784 0.24088 48 33 49
-1.00000 -0.03740 
-0.26694 -0.08319 51
-0.05452 0.25696 68 61 11
0.39887 -0.24344 38 57
-0.04585 0.27833 63
0.11631 0.18161 40 0 50
-0.06994 -0.19230 41
0.08045 0.41721 33
0.01351 -0.05077 41 59 52
0.08692 -0.08223 14 54 28 41
-0.15382 0.09548 7 61
0.06227 0.03570 26 11 32
0.11190 -0.04911 39 8 50
0.38133 -0.92161 
0.00562 -0.01980 11 42 2 14 47
0.04933 0.12362 63 11 28
0.01898 0.34769 24 16
-0.30710 0.05368 58 44
0.86612 0.56015 
-0.36763 -0.91904 
-0.19495 0.01118 2
0.28876 -0.18242 14 4 15 20
0.15017 -0.04961 29 52
0.00743 0.21235 22 48 66 5
-0.02757 -0.10193 8 25 26 47 23 69
-0.04282 0.02717 31 59 53
-0.05867 0.48935 68
-0.40299 0.05859 34
-0.14203 0.28285 5
0.24350 -0.38899 60 62
-0.08853 0.00017 66 56 49 41 31
-0.00582 0.29086 40 16
-0.12352 0.10054 51 47 16
0.14829 0.07324 29 22
-0.18443 -0.01568 49 7 18
0.06975 -0.02262 39 59 25
-0.08594 0.08243 5 7 42
0.18552 -0.07507 12 26
0.00239 -0.27686 65 8
-0.18448 -0.06238 47
0.47698 -0.28316 20
-0.17253 0.04801 34 59
-0.01089 0.03873 9 52 25 58 42
0.19378 -0.28287 46 14
-0.14179 0.20397 19 27
0.27933 -0.46585 46
0.00884 0.17799 5 32 21 64
0.08172 0.06783 2 12 63 1
-0.01188 -0.36938 55
-0.05562 0.12005 47 40
-0.32441 0.12199 10
-0.05748 0.39374 19 43
-0.09481 -0.07677 2 41
