60
-0.42251 -0.18868 56 21 4 11 24
0.40879 0.09356 23 3 10 18 7 13 9 15
-0.45156 -0.10878 19 56 25 57 11
0.28765 0.34603 1 18 36 58 34
-0.04306 0.02637 37 0 16 45 11
-0.05344 0.12713 55 34 28 58 44 57 22 27
-0.53560 -0.25126 39 49
0.19157 -0.10536 8 1 16 49
0.06717 -0.26346 25 49 7 51 34 45 59 53 43
0.69572 0.23940 36 14 1
0.39164 -0.30157 43 1 51 20
-0.27071 0.03712 54 47 27 44 22 30 0 2 4
-1.00000 0.10192 41 21
0.30059 -0.10874 14 34 1 48 25
0.52158 -0.03126 28 37 13 9 59 54
0.16842 0.09153 52 57 1
0.24554 0.22069 4 35 33 7
-0.43299 0.42375 55 27 46
0.17717 0.41030 3 1 29 46
-0.73466 -0.11063 2 39
0.03151 -0.17994 53 58 27 59 44 10
-0.77650 -0.01631 0 39 12
-0.25606 -0.08492 56 55 11 52 27 5 51 47
0.46748 -0.07891 1 43 38 29
-0.22444 -0.43964 40 49 26 0
-0.12385 -0.07090 8 2 55 29 13
-0.03363 -0.35253 34 24 52
-0.22602 0.13869 11 45 17 32 22 20 5
0.39363 0.18340 14 37 5 33
0.06906 0.11325 49 32 18 23 25
-0.33412 0.40220 58 11
0.94369 -0.38069 38
-0.18218 0.31180 29 27 57
0.50856 0.15278 34 28 36 38 16
0.12705 0.02601 26 58 57 33 5 8 13 3
0.10214 0.37268 50 46 36 16 54 57
0.49185 0.42281 9 35 33 3
0.35158 -0.05933 48 28 14 4 52 38
0.57708 -0.21738 40 23 37 33 31 48
-0.43916 0.07737 41 21 19 58 6 52 46
0.09180 -0.31235 38 49 52 57 24 59
-0.66534 0.12778 57 12 39
0.29962 0.14081 52 54
0.34540 -0.27428 23 10 8 54
-0.11847 -0.17710 11 5 49 20 51
-0.03350 -0.04379 27 8 4 54
-0.18985 0.44623 35 17 18 39
-0.54849 0.09147 11 22
0.44258 -0.22595 37 54 51 13 38
-0.14032 -0.23241 40 8 24 29 6 44 57 7
0.00595 0.63204 58 35
0.14300 -0.32768 8 10 22 48 44
0.01231 -0.08046 40 15 37 22 26 42 39
-0.13753 -0.50379 20 56 8
0.21377 0.00761 11 48 14 35 42 45 43
-0.34021 0.18292 5 17 22 25
-0.41900 -0.37445 22 0 2 53
-0.16845 0.05088 41 40 34 2 15 5 35 49 32
-0.06556 0.26652 50 34 5 30 20 39 3
0.29335 -0.36250 40 14 20 8
