60
-0.08496 -0.04678 25 20 16 26 57 30
-0.44966 1.00000 
-0.23595 0.12591 38 55
0.15319 -0.03720 12 29 28 39 24 23
0.12785 0.09458 14 53 6 58
-0.02601 -0.23915 42 54
0.06142 0.03099 8 24 45 48 4 10 47
-0.08236 0.14984 38 53 9 37 47 40
0.05285 -0.04742 6 31 58 54 35 51 45
0.01502 0.12719 24 21 13 7 58 22
0.17383 -0.01252 25 29 36 51 6
-0.04001 -0.02719 55 46 45 48 31
0.09740 0.04305 3 13 28 27 48
0.04181 0.19802 12 9 43
0.12700 -0.04929 59 4 27 48 28
0.04278 0.10802 37 17 25 58 53
-0.02950 -0.07942 54 33 21 23 0
0.00281 0.02231 31 15 24 23 54
0.04722 -0.30181 39 41
-0.02165 0.21851 53 43 37
-0.01762 -0.14581 32 35 48 0 31
0.10467 -0.01017 16 9 28 49 51
-0.11152 0.12456 31 57 43 9
0.03937 -0.02764 49 16 50 3 17 54
0.10194 0.08271 9 6 3 17
0.04668 0.01015 10 53 29 0 15 46 26
-0.06042 -0.09920 52 0 54 25
-0.00701 -0.04102 33 55 42 14 12 37
0.19490 0.01712 3 51 29 14 21 12
0.13564 0.05225 3 10 50 25 28
-0.17290 -0.06068 47 52 0
-0.10508 -0.03531 17 56 38 22 8 11 41 20
0.06702 -0.22675 20 59 54 44
-0.12327 -0.12228 27 16
-0.10982 0.01201 50 54 55
0.09106 -0.16371 46 39 20 8 59
0.19698 -0.13497 46 39 10 59
-0.03092 0.07337 54 15 45 7 19 27
-0.20145 0.07180 7 31 2 56
0.14693 -0.20767 35 18 44 3 36 49
-0.08862 0.23627 43 50 7
-0.05942 -0.21358 18 31 42
0.02905 -0.18735 5 27 49 59 41
-0.08277 0.20739 40 13 19 22 57
0.15208 -0.31294 39 32
-0.03106 0.02030 11 58 37 6 57 54 8
0.08978 -0.07490 11 35 36 49 58 25
-0.08711 0.04808 30 50 6 7
0.02891 -0.07073 52 11 6 14 20 12
0.08525 -0.12507 54 46 39 23 42 21
-0.02528 0.09914 34 47 29 40 23 55
0.20112 -0.03767 28 8 10 21
-0.09484 -0.13285 54 48 30 26
0.04097 0.15640 19 25 7 4 15
-0.01146 -0.08655 52 16 49 37 34 8 45 5 26 17 23 32
-0.09798 0.06334 11 58 27 34 2 50
-0.24940 -0.00136 31 38
-0.12985 0.09054 45 22 0 43
0.03389 0.05362 55 45 8 15 46 9 4
0.13849 -0.17846 14 32 35 42 36
