80
-0.11337 0.12818 45 41 10
-0.11795 0.09884 78 7 52 4 18
0.07739 -0.14503 60 31
0.11021 -0.11205 79 72 14 28 64
-0.12306 0.00191 45 26 46 1 37
-0.03386 -0.18288 6 23 65 26
0.00025 -0.13361 69 5 30 24 25
-0.16072 0.04102 13 1 63 56
0.07104 0.09103 61 79 16 34 36 46
0.17488 -0.08486 43 42 31
-0.18706 0.04224 13 33 45 25 0 53 38
0.15753 0.01057 73 48 30 40
-0.49764 0.08775 68
-0.21261 0.12614 7 10 18
0.03523 -0.16415 3 23 58
-0.06929 0.08051 38 73 29 69 61
0.12252 0.16893 8 70
0.05826 0.20922 70 32 41
-0.14040 0.17715 76 13 1
-0.20832 0.07614 21 53
0.06487 -0.03763 78 39 50
-0.09838 0.03253 19 60 66 45
-0.12796 -0.15506 25 77
0.00818 -0.08513 5 14 37 27 44
0.07826 -0.23018 6 72
-0.10777 -0.06734 51 22 10 6 46
-0.07037 -0.10533 31 4 5
0.01172 0.01651 30 58 74 70 49 76 34 61 23
0.15572 -0.16966 50 3 71
-0.00895 0.17194 32 36 15
0.09280 -0.05453 27 11 6 43
0.04615 -0.07880 26 64 39 2 65 66 60 36 9
0.02422 0.27339 17 29
-0.14720 -0.04211 74 10 47
0.03832 0.08347 8 46 27
-0.09052 -0.02632 40 47 53
0.01818 0.03365 49 66 29 8 31 77
-0.10891 -0.08669 77 59 4 56 23
-0.25105 0.08328 15 68 10
0.11990 -0.06487 64 31 20 43
0.05341 -0.02105 74 35 11
0.03029 0.11715 44 55 0 64 17
0.18410 -0.02493 9 44 71 73
0.14535 -0.04312 44 9 62 39 63 30
0.11366 0.01473 43 41 42 48 73 23
-0.16850 0.08208 0 4 10 21
-0.03532 0.04271 52 4 34 63 64 8 25
-0.14925 -0.10655 58 33 35
0.20207 0.03963 64 11 75 44
0.05677 0.04539 36 55 78 79 74 27
0.06514 -0.11661 28 77 74 20
-0.10380 -0.16087 59 25 58
-0.08859 0.12646 46 1 61 66 53 67
-0.15280 0.06216 19 35 52 10
1.00000 0.17127 
0.06699 0.12266 41 76 49 64
-0.21473 -0.04306 7 37
0.01107 -0.16604 59 72 60
-0.05547 -0.12121 27 47 59 51 14
-0.03541 -0.11127 57 51 58 37 64
0.03437 -0.04872 21 70 2 63 31 57 71
-0.01575 0.11412 8 52 15 27
0.26685 -0.07913 43
-0.01363 -0.00386 7 60 46 43
0.06803 0.00281 66 48 39 31 55 79 41 46 3 59
0.01458 -0.21312 31 5
-0.01954 0.03059 64 78 36 21 52 31
-0.14942 0.23625 52
-0.39719 0.08676 12 38
-0.05582 -0.04748 6 77 15
0.05911 0.10120 17 60 27 16 78
0.15700 -0.10713 42 28 60
0.05852 -0.19073 3 77 57 24
0.09882 0.05152 11 15 44 42
-0.01014 -0.03733 27 40 33 49 50
0.31392 0.06872 48
-0.02882 0.14592 55 18 27
-0.02282 -0.10370 37 69 50 72 36 22
-0.00133 0.06861 20 66 1 49 70
0.12804 0.00701 3 8 49 64
