90
0.26596 0.22757 2 20
-0.06643 0.11640 46 10 17
0.17075 0.12153 0 88 35
-0.00280 -0.11960 22 85 79 84 34
-0.21834 -0.00889 16 45 56 89
-0.03724 -0.00057 40 33 24 60 73 72
-0.08613 0.01130 46 58 29 60 75 24
-0.17169 -0.04486 85 32 89 8 63
-0.13766 -0.12480 41 26 85 17 7
0.31009 0.44238 55
-0.10277 0.05700 42 31 17 1 48 65
-0.02606 -0.08523 80 84 49
-0.21903 -0.05324 32
0.13419 -0.17347 87 22 43
0.14667 -0.03449 88 82 52 30 40
-0.06097 0.07514 63 50 61 44 29
-0.13074 -0.01300 4 56 24 57 76
-0.04717 -0.00544 48 53 43 10 18 8 27 1 21
0.00401 -0.06211 17 80 52 32
-0.03317 0.18305 83 74
0.31686 0.31446 55 0
0.08456 0.05114 44 59 17
0.10665 -0.09444 3 79 35 13
-0.23449 0.23676 62
-0.13981 -0.05320 86 16 5 29 6
-0.17574 -0.09868 68 26 31 53 41
-0.17026 -0.18038 34 8 25
-0.13740 0.02625 61 31 80 17
0.18878 0.00465 39 40 78
-0.11697 -0.05193 6 24 71 15
0.24657 -0.04355 67 14
-0.17957 0.05366 61 10 27 62 25 83
-0.07891 -0.02174 88 7 74 18 61 53 34 12
0.04970 -0.01564 5 43 59 49 73
-0.06204 -0.14499 26 38 56 43 3 32
0.11403 0.03863 77 74 22 64 2
0.07032 -0.12769 67 70 42
0.09534 -0.28440 38
0.05145 -0.16949 77 34 60 37 82
0.15973 0.05312 59 67 28 74
0.06709 0.06158 81 5 28 58 14 46
-0.14095 -0.20774 8 70 56 54 25
-0.03448 -0.06046 10 80 88 36 56 66
0.01482 -0.10248 17 33 68 34 49 13
0.11738 0.11353 21 67 15 69
-0.19343 0.08766 50 58 63 4
-0.01046 0.11202 1 6 40
0.05363 0.03740 57 73 77
-0.04455 0.10244 17 75 64 10 50
0.05796 -0.09938 77 11 43 79 33
-0.14484 0.11546 15 45 48 89 65
1.00000 0.33147 
0.12054 -0.10443 18 14
-0.07931 -0.07740 17 66 25 75 32
-0.20418 -0.30710 41
0.27955 0.35683 69 9 20
-0.14386 -0.10230 16 34 41 4 42
-0.00892 0.01792 47 58 77 16
-0.06505 0.08755 57 6 45 40
0.14641 0.02678 21 39 33
-0.06200 -0.10647 6 5 38 85 86
-0.14370 0.08146 27 31 65 15 32 62
-0.16039 0.14084 73 23 31 63 65 61
-0.15567 0.05083 15 62 45 80 7
0.06521 0.13155 48 35
-0.18525 0.10958 61 72 10 50 62
-0.00819 -0.15651 53 79 42
0.16922 -0.02896 44 30 39 36 82
-0.10623 -0.07487 84 25 72 43
0.20857 0.25105 55 44
-0.00517 -0.21635 79 36 41
-0.14512 -0.17723 29
-0.15660 0.01355 68 65 5
-0.02220 0.07732 62 47 74 5 33
0.02681 0.07643 84 32 35 81 73 19 39
-0.06169 0.02632 48 6 53
-0.05677 0.04740 88 16
0.07356 -0.04584 35 38 49 57 47
0.19587 -0.10677 28 79
0.08089 -0.16112 22 70 49 3 66 78
-0.09095 -0.04334 11 42 27 18 63 85
0.08723 0.15359 40 74
0.17091 -0.13419 87 67 14 38
-0.11078 0.12513 84 31 19
-0.07186 -0.00000 74 68 83 11 89 3
-0.10454 -0.12024 7 8 3 60 80
-0.16861 -0.14237 24 60
0.21628 -0.21000 82 13
0.04581 0.01915 32 14 76 42 2
-0.19219 0.02943 7 84 50 4
